Summary for 
Statistics_4.txt++++++++++++++++++++++++++++++++

For dataset A, the majority is :C

Accuracy with majority is : 0.204


For dataset B, the majority is :C

Accuracy with majority is : 0.179


Distribution for A

++++++++++++++++++++


Unigram

0.05812415220651668 0.24089619616049526 0.10693049014661656 0.3193965053853843 0.04577544268349786 0.04577544268349786 0.04577544268349786 0.04577544268349786 0.04577544268349786 0.04577544268349786 
Bigram

0.19896135821305738 0.08084950857020325 0.09229565250811564 0.11476304557542466 0.2892678252882082 0.0447725219689982 0.0447725219689982 0.0447725219689982 0.0447725219689982 0.0447725219689982 
0.2889693780593104 0.04709300595562736 0.29495304467845923 0.16876858446141263 0.0333693311408651 0.0333693311408651 0.0333693311408651 0.0333693311408651 0.0333693311408651 0.0333693311408651 
0.04698862517472245 0.24700425417684396 0.30600365915039246 0.27830160739306486 0.020283642350829405 0.020283642350829405 0.020283642350829405 0.020283642350829405 0.020283642350829405 0.020283642350829405 
0.02156279321905763 0.029569626774468654 0.1487293486583766 0.23503854842504712 0.0987147628798376 0.24136297546939556 0.056255486143454214 0.056255486143454214 0.056255486143454214 0.056255486143454214 
0.26693954941770853 0.1778774791568084 0.2778427071416713 0.03962003775483024 0.03962003775483024 0.03962003775483024 0.03962003775483024 0.03962003775483024 0.03962003775483024 0.03962003775483024 
0.27574280851747973 0.04649228524193737 0.33074865622349897 0.05916051512157866 0.047975955815917556 0.047975955815917556 0.047975955815917556 0.047975955815917556 0.047975955815917556 0.047975955815917556 
0.2619891193281059 0.22223031519605319 0.30377151074289804 0.030287007818991823 0.030287007818991823 0.030287007818991823 0.030287007818991823 0.030287007818991823 0.030287007818991823 0.030287007818991823 
0.29320354172857127 0.12543940093231548 0.2928548659256452 0.041214598773352616 0.041214598773352616 0.041214598773352616 0.041214598773352616 0.041214598773352616 0.041214598773352616 0.041214598773352616 
0.08663912370086665 0.10409536955450273 0.21353093214409344 0.3291810413576294 0.04442558887381794 0.04442558887381794 0.04442558887381794 0.04442558887381794 0.04442558887381794 0.04442558887381794 
0.12600960261826125 0.02531655890357302 0.007123311568904925 0.05968168282665528 0.13443893967838028 0.04909037968594221 0.25743353961984405 0.056652948681237825 0.14212651820860062 0.14212651820860062 

Trigram
0.1710485262379852 0.19637786991419018 0.00699322507368358 0.09126665654594114 0.2196477588320286 0.06293319267923429 0.06293319267923429 0.06293319267923429 0.06293319267923429 0.06293319267923429 
0.2787529991601139 0.06632510771729283 0.05443070377339946 0.01784582544401514 0.1691167518481076 0.0032087484308891403 0.13323633760225476 0.0923611753413091 0.0923611753413091 0.0923611753413091 
0.16787522326738488 0.1698669608170758 0.2605829534814455 0.16551585692685644 0.03935983425120619 0.03935983425120619 0.03935983425120619 0.03935983425120619 0.03935983425120619 0.03935983425120619 
0.2308028455536658 0.19313998810984287 0.21294525521016214 0.31916299231385276 0.007324819802079372 0.007324819802079372 0.007324819802079372 0.007324819802079372 0.007324819802079372 0.007324819802079372 
0.028112122965705862 0.31390755655825175 0.2901340836857718 0.1645690076213782 0.03387953819481544 0.03387953819481544 0.03387953819481544 0.03387953819481544 0.03387953819481544 0.03387953819481544 
0.04220681029408154 0.11136617968282066 0.1780366536457518 0.3080228292487322 0.3312524758186652 0.0058230102619897025 0.0058230102619897025 0.0058230102619897025 0.0058230102619897025 0.0058230102619897025 
0.20298237503793695 0.17000279088402853 0.007947141717192232 0.3084418185344992 0.051770978971057105 0.051770978971057105 0.051770978971057105 0.051770978971057105 0.051770978971057105 0.051770978971057105 
0.04213199059003658 0.2542627419248347 0.10540832085091963 0.07516424002127564 0.19577225808311763 0.06545208970596317 0.06545208970596317 0.06545208970596317 0.06545208970596317 0.06545208970596317 
0.16212456257653662 0.1780558298662954 0.02254485975022269 0.07375884975479774 0.01629147149331637 0.31063212008896984 0.05914807661746534 0.05914807661746534 0.05914807661746534 0.05914807661746534 
0.31663520115614446 0.12026393547314736 0.2861991999940126 0.039557380482385086 0.039557380482385086 0.039557380482385086 0.039557380482385086 0.039557380482385086 0.039557380482385086 0.039557380482385086 


0.2941302375158398 0.23093103704460463 0.2372990661629951 0.033948522753794376 0.033948522753794376 0.033948522753794376 0.033948522753794376 0.033948522753794376 0.033948522753794376 0.033948522753794376 
0.17618212547052103 0.2835217858883853 0.2869349404499773 0.0361944497415881 0.0361944497415881 0.0361944497415881 0.0361944497415881 0.0361944497415881 0.0361944497415881 0.0361944497415881 
0.3211630245777715 0.18659869061855175 0.18445087697233858 0.04396962969019122 0.04396962969019122 0.04396962969019122 0.04396962969019122 0.04396962969019122 0.04396962969019122 0.04396962969019122 
0.18061950295105453 0.04873832454771833 0.16254772503480702 0.3014794503205636 0.05110249952430938 0.05110249952430938 0.05110249952430938 0.05110249952430938 0.05110249952430938 0.05110249952430938 
0.2070648095289912 0.3127096376723497 0.2169202345136225 0.03761504546929094 0.03761504546929094 0.03761504546929094 0.03761504546929094 0.03761504546929094 0.03761504546929094 0.03761504546929094 
0.1296233328407916 0.33275666893752687 0.08280693151301284 0.12637118096000866 0.05474031429144333 0.05474031429144333 0.05474031429144333 0.05474031429144333 0.05474031429144333 0.05474031429144333 
0.28042543616966537 0.24785643289395895 0.17331937689988938 0.04262839343378372 0.04262839343378372 0.04262839343378372 0.04262839343378372 0.04262839343378372 0.04262839343378372 0.04262839343378372 
0.17737280179806128 0.10397102025925671 0.24775302123036688 0.01974790948684313 0.15403933260206268 0.05942318292468185 0.05942318292468185 0.05942318292468185 0.05942318292468185 0.05942318292468185 
0.3148151853877738 0.10649048884023171 0.09249883644582846 0.24916460015857034 0.03950514819459927 0.03950514819459927 0.03950514819459927 0.03950514819459927 0.03950514819459927 0.03950514819459927 
0.32689858644717984 0.09012487015686818 0.04549037916656582 0.2929910064090944 0.040749192970048594 0.040749192970048594 0.040749192970048594 0.040749192970048594 0.040749192970048594 0.040749192970048594 


0.03853140722570745 0.12140443383586809 0.2113203777249449 0.10372223707638896 0.2935585431660507 0.04629260019420796 0.04629260019420796 0.04629260019420796 0.04629260019420796 0.04629260019420796 
0.32491757180202485 0.0926914506600727 0.2658958906515602 0.045213583840906055 0.045213583840906055 0.045213583840906055 0.045213583840906055 0.045213583840906055 0.045213583840906055 0.045213583840906055 
0.09650388980146148 0.17299499890629566 0.15867048464180428 0.1790120302153862 0.02446750311401904 0.3311582546027509 0.009298209679570688 0.009298209679570688 0.009298209679570688 0.009298209679570688 
0.06389541617158094 0.2843302061662832 0.15453801690980828 0.2837803358742344 0.035576004146348865 0.035576004146348865 0.035576004146348865 0.035576004146348865 0.035576004146348865 0.035576004146348865 
0.0011081729109358738 0.057982822282654105 0.1682269738747045 0.152229601716064 0.14253341374122108 0.1378535873597372 0.24379308678671743 0.03209078044265527 0.03209078044265527 0.03209078044265527 
0.28869222453508614 0.1132302320317339 0.15863233264786214 0.2989272044655376 0.02341966771996335 0.02341966771996335 0.02341966771996335 0.02341966771996335 0.02341966771996335 0.02341966771996335 
0.17672060453349805 0.2691712648665336 0.17944699278613277 0.07157112261628855 0.05051500253292452 0.05051500253292452 0.05051500253292452 0.05051500253292452 0.05051500253292452 0.05051500253292452 
0.13603009516532197 0.23501418677914462 0.24381849284843785 0.05104193118614556 0.05568254900349167 0.05568254900349167 0.05568254900349167 0.05568254900349167 0.05568254900349167 0.05568254900349167 
0.0735118250655312 0.32259986170316796 0.25147795452300653 0.05316110232434355 0.04987487606399182 0.04987487606399182 0.04987487606399182 0.04987487606399182 0.04987487606399182 0.04987487606399182 
0.3246726259326471 0.14328117982619945 0.18221422240401416 0.1377188775031824 0.03535218238899275 0.03535218238899275 0.03535218238899275 0.03535218238899275 0.03535218238899275 0.03535218238899275 


0.3240927325543948 0.005436308775601846 0.06914203267320203 0.1739356835984205 0.3152956805220975 0.02241951237525671 0.02241951237525671 0.02241951237525671 0.02241951237525671 0.02241951237525671 
0.11364170451438667 0.28402355017208225 0.24827000349791925 0.26304428596366364 0.015170075975324687 0.015170075975324687 0.015170075975324687 0.015170075975324687 0.015170075975324687 0.015170075975324687 
0.32959340147371385 0.02328803165202681 0.22525415160189377 0.2847381358682083 0.02285437990069291 0.02285437990069291 0.02285437990069291 0.02285437990069291 0.02285437990069291 0.02285437990069291 
0.3174437523364059 0.32422801936848294 0.3186769900444461 0.005664462607237864 0.005664462607237864 0.005664462607237864 0.005664462607237864 0.005664462607237864 0.005664462607237864 0.005664462607237864 
0.3045418337009703 0.30360961235291334 0.14390962415145137 0.03541984711352359 0.03541984711352359 0.03541984711352359 0.03541984711352359 0.03541984711352359 0.03541984711352359 0.03541984711352359 
0.1493599761839952 0.004579740087558148 0.26653950160263495 0.23856510657548646 0.32728148856159034 0.002734837397747003 0.002734837397747003 0.002734837397747003 0.002734837397747003 0.002734837397747003 
0.3265060235284834 0.17702992633722206 0.19506849545799776 0.04305650781089955 0.04305650781089955 0.04305650781089955 0.04305650781089955 0.04305650781089955 0.04305650781089955 0.04305650781089955 
0.3314905919802222 0.30158707060562606 0.18696482475312665 0.025708216094432124 0.025708216094432124 0.025708216094432124 0.025708216094432124 0.025708216094432124 0.025708216094432124 0.025708216094432124 
0.11370385807348912 0.0497703376345468 0.08688440016067313 0.019454113868428897 0.1054623170487672 0.26296663535475634 0.23828047007809391 0.04115928926041482 0.04115928926041482 0.04115928926041482 
0.12522941005096744 0.2546428191242737 0.23540574720049393 0.11714028632962623 0.04459695621577313 0.04459695621577313 0.04459695621577313 0.04459695621577313 0.04459695621577313 0.04459695621577313 


0.13414824805053124 0.276904529468959 0.24460238199446183 0.19536778880927672 0.02482950861279519 0.02482950861279519 0.02482950861279519 0.02482950861279519 0.02482950861279519 0.02482950861279519 
0.21694056650375645 0.12516284020446936 0.29088784300302256 0.08957794812147965 0.046238467027878635 0.046238467027878635 0.046238467027878635 0.046238467027878635 0.046238467027878635 0.046238467027878635 
0.14888050074674053 0.17854175777583503 0.2668364923585507 0.21290177907052474 0.032139911674724804 0.032139911674724804 0.032139911674724804 0.032139911674724804 0.032139911674724804 0.032139911674724804 
0.10132318103221738 0.140521361688165 0.2857056651976213 0.15667537264207598 0.05262906990665339 0.05262906990665339 0.05262906990665339 0.05262906990665339 0.05262906990665339 0.05262906990665339 
0.31671097341354876 0.16240277668935266 0.3092649439657838 0.030231615133044988 0.030231615133044988 0.030231615133044988 0.030231615133044988 0.030231615133044988 0.030231615133044988 0.030231615133044988 
0.02643875614919818 0.020665018719743838 0.25421556508821713 0.15258876116201828 0.07087116968900142 0.11854562854171861 0.19675949077537205 0.053305203291576814 0.053305203291576814 0.053305203291576814 
0.03166916755204379 0.08139559701709204 0.26768021976214484 0.28952810201597845 0.054954485608790175 0.054954485608790175 0.054954485608790175 0.054954485608790175 0.054954485608790175 0.054954485608790175 
0.2748397542579679 0.22185381451280234 0.3040137161395583 0.028470387869953092 0.028470387869953092 0.028470387869953092 0.028470387869953092 0.028470387869953092 0.028470387869953092 0.028470387869953092 
0.09292986552578032 0.3126399510648085 0.07831114509327605 0.05055730837737672 0.20566980327079296 0.05197838533359306 0.05197838533359306 0.05197838533359306 0.05197838533359306 0.05197838533359306 
0.13215885828785107 0.15394404504505987 0.21541465275390206 0.1238852252182064 0.19130905412072155 0.036657632914851856 0.036657632914851856 0.036657632914851856 0.036657632914851856 0.036657632914851856 


0.31611429846811323 0.24214781062599586 0.05183036781818719 0.3194460403885578 0.011743580449857623 0.011743580449857623 0.011743580449857623 0.011743580449857623 0.011743580449857623 0.011743580449857623 
0.04774140478033014 0.13526024590304742 0.1791252373155949 0.23153013506677125 0.05816917821222586 0.22422610215807884 0.030986924140987894 0.030986924140987894 0.030986924140987894 0.030986924140987894 
0.32612320910155 0.04751391354660385 0.18720312968434452 0.20957432975677362 0.038264236318454686 0.038264236318454686 0.038264236318454686 0.038264236318454686 0.038264236318454686 0.038264236318454686 
0.27269203595850255 0.3333459056875084 0.10639453662667551 0.041081074532473394 0.041081074532473394 0.041081074532473394 0.041081074532473394 0.041081074532473394 0.041081074532473394 0.041081074532473394 
0.06617499639035539 0.09372358796069467 0.035740245517900726 0.013602408605886964 0.165780858016 0.0678198929214894 0.2565925064871409 0.10018850136684407 0.10018850136684407 0.10018850136684407 
0.04910622505778195 0.32383119280613 0.1779644873760647 0.13364241477035196 0.052575946664945215 0.052575946664945215 0.052575946664945215 0.052575946664945215 0.052575946664945215 0.052575946664945215 
0.28333682760196804 0.31171054175451024 0.03631930227805441 0.1409498121766753 0.03794725269813197 0.03794725269813197 0.03794725269813197 0.03794725269813197 0.03794725269813197 0.03794725269813197 
0.06737787882318136 0.20440006762043952 0.040817728058911595 0.10335665398089659 0.108095887618829 0.026631526843325298 0.2998398236186697 0.049826811145249006 0.049826811145249006 0.049826811145249006 
0.21746342188557347 0.2704501466098928 0.1674126867227116 0.20772270691652903 0.02282517297754886 0.02282517297754886 0.02282517297754886 0.02282517297754886 0.02282517297754886 0.02282517297754886 
0.271586907204064 0.09385888754979958 0.06939613327953664 0.03834891132699851 0.30564276566679516 0.044233278994561295 0.044233278994561295 0.044233278994561295 0.044233278994561295 0.044233278994561295 


0.07716278518710834 0.16617655335411738 0.0773019324948748 0.22890215726283872 0.21635726281116108 0.046819861777979956 0.046819861777979956 0.046819861777979956 0.046819861777979956 0.046819861777979956 
0.195125922947936 0.1792719184267709 0.23391063134628645 0.10806692333390396 0.04727076732418379 0.04727076732418379 0.04727076732418379 0.04727076732418379 0.04727076732418379 0.04727076732418379 
0.23884930897732648 0.06189040740782871 0.24081884026172606 0.07916923327817553 0.19966601799306832 0.03592123841637495 0.03592123841637495 0.03592123841637495 0.03592123841637495 0.03592123841637495 
0.031693673880888194 0.3294164226474633 0.04417885861756556 0.3329741303630737 0.0436228190818349 0.0436228190818349 0.0436228190818349 0.0436228190818349 0.0436228190818349 0.0436228190818349 
0.2204286849032769 0.3302077904323383 0.21813645526050818 0.033032438486268065 0.033032438486268065 0.033032438486268065 0.033032438486268065 0.033032438486268065 0.033032438486268065 0.033032438486268065 
0.02734743497419339 0.24710323172530677 0.25246431726089963 0.0037124123969205607 0.140220823129946 0.06583035610254676 0.06583035610254676 0.06583035610254676 0.06583035610254676 0.06583035610254676 
0.21485845765650222 0.2960493076164055 0.22906597515930202 0.03714660850968432 0.03714660850968432 0.03714660850968432 0.03714660850968432 0.03714660850968432 0.03714660850968432 0.03714660850968432 
0.08601334032313988 0.31985100804281724 0.0018982087521493209 0.1955166298182748 0.14263146812003868 0.05081786898871603 0.05081786898871603 0.05081786898871603 0.05081786898871603 0.05081786898871603 
0.174055192498329 0.2209314932287016 0.10385716575805112 0.24185324041146491 0.04321715135057552 0.04321715135057552 0.04321715135057552 0.04321715135057552 0.04321715135057552 0.04321715135057552 
0.1752590949567864 0.10224663571465394 0.09719299951634064 0.16991066005584607 0.3183399858548185 0.027410124780310807 0.027410124780310807 0.027410124780310807 0.027410124780310807 0.027410124780310807 


0.31213276711935994 0.04641510423327311 0.2637453130965813 0.005097851919187952 0.25589696172469717 0.023342400381380125 0.023342400381380125 0.023342400381380125 0.023342400381380125 0.023342400381380125 
0.24685861279136517 0.10019417923487227 0.10428984818867355 0.3060310706341914 0.04043771485848298 0.04043771485848298 0.04043771485848298 0.04043771485848298 0.04043771485848298 0.04043771485848298 
0.09772598145593538 0.31502359010236153 0.18568269520070588 0.2721107020212142 0.021576171869963807 0.021576171869963807 0.021576171869963807 0.021576171869963807 0.021576171869963807 0.021576171869963807 
0.008002275253504313 0.3227388651694269 0.28383056501999343 0.08960009413368279 0.04930470007056542 0.04930470007056542 0.04930470007056542 0.04930470007056542 0.04930470007056542 0.04930470007056542 
0.2292416783610351 0.26803021648254693 0.31396923247972774 0.026965553239527106 0.026965553239527106 0.026965553239527106 0.026965553239527106 0.026965553239527106 0.026965553239527106 0.026965553239527106 
0.18001718047527973 0.04844587372084125 0.330620386910915 0.007208331151402462 0.0880082724326087 0.1496482405465647 0.0490129286905971 0.0490129286905971 0.0490129286905971 0.0490129286905971 
0.2996527628184108 0.046163682392159955 0.30325849999451565 0.10790999450569268 0.04050251004820349 0.04050251004820349 0.04050251004820349 0.04050251004820349 0.04050251004820349 0.04050251004820349 
0.12296022931739738 0.11580132671790412 0.08694923525895541 0.15978224508788716 0.13578538962290784 0.30420971917179734 0.01862796370578764 0.01862796370578764 0.01862796370578764 0.01862796370578764 
0.25906754420255623 0.17028478960207882 0.18549479937001234 0.2391568759355126 0.02433266514830666 0.02433266514830666 0.02433266514830666 0.02433266514830666 0.02433266514830666 0.02433266514830666 
0.1887842435643048 0.20542995588522067 0.07308328453838094 0.22588086590536782 0.05113694168445434 0.05113694168445434 0.05113694168445434 0.05113694168445434 0.05113694168445434 0.05113694168445434 


0.059128122909710555 0.24233804987755134 0.10921863761906836 0.2548650844555179 0.19297091875345543 0.028295837276939267 0.028295837276939267 0.028295837276939267 0.028295837276939267 0.028295837276939267 
0.24058062238706088 0.2668971306465537 0.1797491255662753 0.04468187448573002 0.04468187448573002 0.04468187448573002 0.04468187448573002 0.04468187448573002 0.04468187448573002 0.04468187448573002 
0.19673942233694752 0.16103370032699893 0.21669397738586596 0.31063440857484476 0.019149748562557165 0.019149748562557165 0.019149748562557165 0.019149748562557165 0.019149748562557165 0.019149748562557165 
0.024169808299603357 0.18303741128380854 0.09932110593017107 0.02999421097689085 0.1920668489877985 0.04393336156827606 0.30005846531629154 0.04247292921238671 0.04247292921238671 0.04247292921238671 
0.07717521712453469 0.04480955151352992 0.23942893204104432 0.21602388145355841 0.014102587840980002 0.28585482896019526 0.030651250266539316 0.030651250266539316 0.030651250266539316 0.030651250266539316 
0.2752696691635556 0.23836661807130055 0.0049472968746802435 0.13976811316063745 0.22870040434871855 0.0225895796762215 0.0225895796762215 0.0225895796762215 0.0225895796762215 0.0225895796762215 
0.09051423603527488 0.27214128942966104 0.16977432179844462 0.04483567575091183 0.09833448358651888 0.06487999867983776 0.06487999867983776 0.06487999867983776 0.06487999867983776 0.06487999867983776 
0.01466268271617256 0.25255123366315296 0.17506045206106308 0.30473147975906006 0.04216569196675854 0.04216569196675854 0.04216569196675854 0.04216569196675854 0.04216569196675854 0.04216569196675854 
0.23142610240011918 0.2470805212439119 0.13718138932884463 0.005725692358705185 0.30907886634766485 0.013901485664150882 0.013901485664150882 0.013901485664150882 0.013901485664150882 0.013901485664150882 
0.04394102786359207 0.20389837800257227 0.2176782482290851 0.07570848785467206 0.2063711388013879 0.050480543849738116 0.050480543849738116 0.050480543849738116 0.050480543849738116 0.050480543849738116 


0.1328740770234509 0.22306432605469528 0.04137404780618442 0.1279164564892644 0.31456908022135893 0.03204040248100918 0.03204040248100918 0.03204040248100918 0.03204040248100918 0.03204040248100918 
0.17303184908633085 0.13415034557321823 0.28065164274110355 0.12220602134631502 0.04832669020883872 0.04832669020883872 0.04832669020883872 0.04832669020883872 0.04832669020883872 0.04832669020883872 
0.26833604288366636 0.2629196621660581 0.15512844155268024 0.04480226477108505 0.04480226477108505 0.04480226477108505 0.04480226477108505 0.04480226477108505 0.04480226477108505 0.04480226477108505 
0.08135267179763464 0.29164153430604617 0.29838755063458705 0.046945463323104605 0.046945463323104605 0.046945463323104605 0.046945463323104605 0.046945463323104605 0.046945463323104605 0.046945463323104605 
0.19326947167020042 0.273395125244469 0.20952254061427267 0.04625898035300832 0.04625898035300832 0.04625898035300832 0.04625898035300832 0.04625898035300832 0.04625898035300832 0.04625898035300832 
0.11716974395484143 0.2881072583700916 0.06768627177213385 0.11977614498003204 0.23096495370674625 0.035259125443231 0.035259125443231 0.035259125443231 0.035259125443231 0.035259125443231 
0.1390103143894106 0.30776954020005837 0.21266756629370118 0.0839104018155678 0.04277369621687701 0.04277369621687701 0.04277369621687701 0.04277369621687701 0.04277369621687701 0.04277369621687701 
0.018128675481495327 0.2751254873240679 0.11657454184968852 0.02277953104996311 0.17983969409624115 0.2574586188706126 0.03252336283198287 0.03252336283198287 0.03252336283198287 0.03252336283198287 
0.1499145311484655 0.05060322641871934 0.13259349505342644 0.318628403614541 0.22968285128200033 0.02371549849656944 0.02371549849656944 0.02371549849656944 0.02371549849656944 0.02371549849656944 
0.15730678516002494 0.2314156961001673 0.12121971402688722 0.24380584706160185 0.041041992941886415 0.041041992941886415 0.041041992941886415 0.041041992941886415 0.041041992941886415 0.041041992941886415 


Distribution for A
++++++++++++++++++++

Unigram
0.05812415220651668 0.24089619616049526 0.10693049014661656 0.3193965053853843 0.04577544268349786 0.04577544268349786 0.04577544268349786 0.04577544268349786 0.04577544268349786 0.04577544268349786 
Bigram
0.19896135821305738 0.08084950857020325 0.09229565250811564 0.11476304557542466 0.2892678252882082 0.0447725219689982 0.0447725219689982 0.0447725219689982 0.0447725219689982 0.0447725219689982 
0.2889693780593104 0.04709300595562736 0.29495304467845923 0.16876858446141263 0.0333693311408651 0.0333693311408651 0.0333693311408651 0.0333693311408651 0.0333693311408651 0.0333693311408651 
0.04698862517472245 0.24700425417684396 0.30600365915039246 0.27830160739306486 0.020283642350829405 0.020283642350829405 0.020283642350829405 0.020283642350829405 0.020283642350829405 0.020283642350829405 
0.02156279321905763 0.029569626774468654 0.1487293486583766 0.23503854842504712 0.0987147628798376 0.24136297546939556 0.056255486143454214 0.056255486143454214 0.056255486143454214 0.056255486143454214 
0.26693954941770853 0.1778774791568084 0.2778427071416713 0.03962003775483024 0.03962003775483024 0.03962003775483024 0.03962003775483024 0.03962003775483024 0.03962003775483024 0.03962003775483024 
0.27574280851747973 0.04649228524193737 0.33074865622349897 0.05916051512157866 0.047975955815917556 0.047975955815917556 0.047975955815917556 0.047975955815917556 0.047975955815917556 0.047975955815917556 
0.2619891193281059 0.22223031519605319 0.30377151074289804 0.030287007818991823 0.030287007818991823 0.030287007818991823 0.030287007818991823 0.030287007818991823 0.030287007818991823 0.030287007818991823 
0.29320354172857127 0.12543940093231548 0.2928548659256452 0.041214598773352616 0.041214598773352616 0.041214598773352616 0.041214598773352616 0.041214598773352616 0.041214598773352616 0.041214598773352616 
0.08663912370086665 0.10409536955450273 0.21353093214409344 0.3291810413576294 0.04442558887381794 0.04442558887381794 0.04442558887381794 0.04442558887381794 0.04442558887381794 0.04442558887381794 
0.12600960261826125 0.02531655890357302 0.007123311568904925 0.05968168282665528 0.13443893967838028 0.04909037968594221 0.25743353961984405 0.056652948681237825 0.14212651820860062 0.14212651820860062 

Trigram
0.1710485262379852 0.19637786991419018 0.00699322507368358 0.09126665654594114 0.2196477588320286 0.06293319267923429 0.06293319267923429 0.06293319267923429 0.06293319267923429 0.06293319267923429 
0.2787529991601139 0.06632510771729283 0.05443070377339946 0.01784582544401514 0.1691167518481076 0.0032087484308891403 0.13323633760225476 0.0923611753413091 0.0923611753413091 0.0923611753413091 
0.16787522326738488 0.1698669608170758 0.2605829534814455 0.16551585692685644 0.03935983425120619 0.03935983425120619 0.03935983425120619 0.03935983425120619 0.03935983425120619 0.03935983425120619 
0.2308028455536658 0.19313998810984287 0.21294525521016214 0.31916299231385276 0.007324819802079372 0.007324819802079372 0.007324819802079372 0.007324819802079372 0.007324819802079372 0.007324819802079372 
0.028112122965705862 0.31390755655825175 0.2901340836857718 0.1645690076213782 0.03387953819481544 0.03387953819481544 0.03387953819481544 0.03387953819481544 0.03387953819481544 0.03387953819481544 
0.04220681029408154 0.11136617968282066 0.1780366536457518 0.3080228292487322 0.3312524758186652 0.0058230102619897025 0.0058230102619897025 0.0058230102619897025 0.0058230102619897025 0.0058230102619897025 
0.20298237503793695 0.17000279088402853 0.007947141717192232 0.3084418185344992 0.051770978971057105 0.051770978971057105 0.051770978971057105 0.051770978971057105 0.051770978971057105 0.051770978971057105 
0.04213199059003658 0.2542627419248347 0.10540832085091963 0.07516424002127564 0.19577225808311763 0.06545208970596317 0.06545208970596317 0.06545208970596317 0.06545208970596317 0.06545208970596317 
0.16212456257653662 0.1780558298662954 0.02254485975022269 0.07375884975479774 0.01629147149331637 0.31063212008896984 0.05914807661746534 0.05914807661746534 0.05914807661746534 0.05914807661746534 
0.31663520115614446 0.12026393547314736 0.2861991999940126 0.039557380482385086 0.039557380482385086 0.039557380482385086 0.039557380482385086 0.039557380482385086 0.039557380482385086 0.039557380482385086 


0.2941302375158398 0.23093103704460463 0.2372990661629951 0.033948522753794376 0.033948522753794376 0.033948522753794376 0.033948522753794376 0.033948522753794376 0.033948522753794376 0.033948522753794376 
0.17618212547052103 0.2835217858883853 0.2869349404499773 0.0361944497415881 0.0361944497415881 0.0361944497415881 0.0361944497415881 0.0361944497415881 0.0361944497415881 0.0361944497415881 
0.3211630245777715 0.18659869061855175 0.18445087697233858 0.04396962969019122 0.04396962969019122 0.04396962969019122 0.04396962969019122 0.04396962969019122 0.04396962969019122 0.04396962969019122 
0.18061950295105453 0.04873832454771833 0.16254772503480702 0.3014794503205636 0.05110249952430938 0.05110249952430938 0.05110249952430938 0.05110249952430938 0.05110249952430938 0.05110249952430938 
0.2070648095289912 0.3127096376723497 0.2169202345136225 0.03761504546929094 0.03761504546929094 0.03761504546929094 0.03761504546929094 0.03761504546929094 0.03761504546929094 0.03761504546929094 
0.1296233328407916 0.33275666893752687 0.08280693151301284 0.12637118096000866 0.05474031429144333 0.05474031429144333 0.05474031429144333 0.05474031429144333 0.05474031429144333 0.05474031429144333 
0.28042543616966537 0.24785643289395895 0.17331937689988938 0.04262839343378372 0.04262839343378372 0.04262839343378372 0.04262839343378372 0.04262839343378372 0.04262839343378372 0.04262839343378372 
0.17737280179806128 0.10397102025925671 0.24775302123036688 0.01974790948684313 0.15403933260206268 0.05942318292468185 0.05942318292468185 0.05942318292468185 0.05942318292468185 0.05942318292468185 
0.3148151853877738 0.10649048884023171 0.09249883644582846 0.24916460015857034 0.03950514819459927 0.03950514819459927 0.03950514819459927 0.03950514819459927 0.03950514819459927 0.03950514819459927 
0.32689858644717984 0.09012487015686818 0.04549037916656582 0.2929910064090944 0.040749192970048594 0.040749192970048594 0.040749192970048594 0.040749192970048594 0.040749192970048594 0.040749192970048594 


0.03853140722570745 0.12140443383586809 0.2113203777249449 0.10372223707638896 0.2935585431660507 0.04629260019420796 0.04629260019420796 0.04629260019420796 0.04629260019420796 0.04629260019420796 
0.32491757180202485 0.0926914506600727 0.2658958906515602 0.045213583840906055 0.045213583840906055 0.045213583840906055 0.045213583840906055 0.045213583840906055 0.045213583840906055 0.045213583840906055 
0.09650388980146148 0.17299499890629566 0.15867048464180428 0.1790120302153862 0.02446750311401904 0.3311582546027509 0.009298209679570688 0.009298209679570688 0.009298209679570688 0.009298209679570688 
0.06389541617158094 0.2843302061662832 0.15453801690980828 0.2837803358742344 0.035576004146348865 0.035576004146348865 0.035576004146348865 0.035576004146348865 0.035576004146348865 0.035576004146348865 
0.0011081729109358738 0.057982822282654105 0.1682269738747045 0.152229601716064 0.14253341374122108 0.1378535873597372 0.24379308678671743 0.03209078044265527 0.03209078044265527 0.03209078044265527 
0.28869222453508614 0.1132302320317339 0.15863233264786214 0.2989272044655376 0.02341966771996335 0.02341966771996335 0.02341966771996335 0.02341966771996335 0.02341966771996335 0.02341966771996335 
0.17672060453349805 0.2691712648665336 0.17944699278613277 0.07157112261628855 0.05051500253292452 0.05051500253292452 0.05051500253292452 0.05051500253292452 0.05051500253292452 0.05051500253292452 
0.13603009516532197 0.23501418677914462 0.24381849284843785 0.05104193118614556 0.05568254900349167 0.05568254900349167 0.05568254900349167 0.05568254900349167 0.05568254900349167 0.05568254900349167 
0.0735118250655312 0.32259986170316796 0.25147795452300653 0.05316110232434355 0.04987487606399182 0.04987487606399182 0.04987487606399182 0.04987487606399182 0.04987487606399182 0.04987487606399182 
0.3246726259326471 0.14328117982619945 0.18221422240401416 0.1377188775031824 0.03535218238899275 0.03535218238899275 0.03535218238899275 0.03535218238899275 0.03535218238899275 0.03535218238899275 


0.3240927325543948 0.005436308775601846 0.06914203267320203 0.1739356835984205 0.3152956805220975 0.02241951237525671 0.02241951237525671 0.02241951237525671 0.02241951237525671 0.02241951237525671 
0.11364170451438667 0.28402355017208225 0.24827000349791925 0.26304428596366364 0.015170075975324687 0.015170075975324687 0.015170075975324687 0.015170075975324687 0.015170075975324687 0.015170075975324687 
0.32959340147371385 0.02328803165202681 0.22525415160189377 0.2847381358682083 0.02285437990069291 0.02285437990069291 0.02285437990069291 0.02285437990069291 0.02285437990069291 0.02285437990069291 
0.3174437523364059 0.32422801936848294 0.3186769900444461 0.005664462607237864 0.005664462607237864 0.005664462607237864 0.005664462607237864 0.005664462607237864 0.005664462607237864 0.005664462607237864 
0.3045418337009703 0.30360961235291334 0.14390962415145137 0.03541984711352359 0.03541984711352359 0.03541984711352359 0.03541984711352359 0.03541984711352359 0.03541984711352359 0.03541984711352359 
0.1493599761839952 0.004579740087558148 0.26653950160263495 0.23856510657548646 0.32728148856159034 0.002734837397747003 0.002734837397747003 0.002734837397747003 0.002734837397747003 0.002734837397747003 
0.3265060235284834 0.17702992633722206 0.19506849545799776 0.04305650781089955 0.04305650781089955 0.04305650781089955 0.04305650781089955 0.04305650781089955 0.04305650781089955 0.04305650781089955 
0.3314905919802222 0.30158707060562606 0.18696482475312665 0.025708216094432124 0.025708216094432124 0.025708216094432124 0.025708216094432124 0.025708216094432124 0.025708216094432124 0.025708216094432124 
0.11370385807348912 0.0497703376345468 0.08688440016067313 0.019454113868428897 0.1054623170487672 0.26296663535475634 0.23828047007809391 0.04115928926041482 0.04115928926041482 0.04115928926041482 
0.12522941005096744 0.2546428191242737 0.23540574720049393 0.11714028632962623 0.04459695621577313 0.04459695621577313 0.04459695621577313 0.04459695621577313 0.04459695621577313 0.04459695621577313 


0.13414824805053124 0.276904529468959 0.24460238199446183 0.19536778880927672 0.02482950861279519 0.02482950861279519 0.02482950861279519 0.02482950861279519 0.02482950861279519 0.02482950861279519 
0.21694056650375645 0.12516284020446936 0.29088784300302256 0.08957794812147965 0.046238467027878635 0.046238467027878635 0.046238467027878635 0.046238467027878635 0.046238467027878635 0.046238467027878635 
0.14888050074674053 0.17854175777583503 0.2668364923585507 0.21290177907052474 0.032139911674724804 0.032139911674724804 0.032139911674724804 0.032139911674724804 0.032139911674724804 0.032139911674724804 
0.10132318103221738 0.140521361688165 0.2857056651976213 0.15667537264207598 0.05262906990665339 0.05262906990665339 0.05262906990665339 0.05262906990665339 0.05262906990665339 0.05262906990665339 
0.31671097341354876 0.16240277668935266 0.3092649439657838 0.030231615133044988 0.030231615133044988 0.030231615133044988 0.030231615133044988 0.030231615133044988 0.030231615133044988 0.030231615133044988 
0.02643875614919818 0.020665018719743838 0.25421556508821713 0.15258876116201828 0.07087116968900142 0.11854562854171861 0.19675949077537205 0.053305203291576814 0.053305203291576814 0.053305203291576814 
0.03166916755204379 0.08139559701709204 0.26768021976214484 0.28952810201597845 0.054954485608790175 0.054954485608790175 0.054954485608790175 0.054954485608790175 0.054954485608790175 0.054954485608790175 
0.2748397542579679 0.22185381451280234 0.3040137161395583 0.028470387869953092 0.028470387869953092 0.028470387869953092 0.028470387869953092 0.028470387869953092 0.028470387869953092 0.028470387869953092 
0.09292986552578032 0.3126399510648085 0.07831114509327605 0.05055730837737672 0.20566980327079296 0.05197838533359306 0.05197838533359306 0.05197838533359306 0.05197838533359306 0.05197838533359306 
0.13215885828785107 0.15394404504505987 0.21541465275390206 0.1238852252182064 0.19130905412072155 0.036657632914851856 0.036657632914851856 0.036657632914851856 0.036657632914851856 0.036657632914851856 


0.31611429846811323 0.24214781062599586 0.05183036781818719 0.3194460403885578 0.011743580449857623 0.011743580449857623 0.011743580449857623 0.011743580449857623 0.011743580449857623 0.011743580449857623 
0.04774140478033014 0.13526024590304742 0.1791252373155949 0.23153013506677125 0.05816917821222586 0.22422610215807884 0.030986924140987894 0.030986924140987894 0.030986924140987894 0.030986924140987894 
0.32612320910155 0.04751391354660385 0.18720312968434452 0.20957432975677362 0.038264236318454686 0.038264236318454686 0.038264236318454686 0.038264236318454686 0.038264236318454686 0.038264236318454686 
0.27269203595850255 0.3333459056875084 0.10639453662667551 0.041081074532473394 0.041081074532473394 0.041081074532473394 0.041081074532473394 0.041081074532473394 0.041081074532473394 0.041081074532473394 
0.06617499639035539 0.09372358796069467 0.035740245517900726 0.013602408605886964 0.165780858016 0.0678198929214894 0.2565925064871409 0.10018850136684407 0.10018850136684407 0.10018850136684407 
0.04910622505778195 0.32383119280613 0.1779644873760647 0.13364241477035196 0.052575946664945215 0.052575946664945215 0.052575946664945215 0.052575946664945215 0.052575946664945215 0.052575946664945215 
0.28333682760196804 0.31171054175451024 0.03631930227805441 0.1409498121766753 0.03794725269813197 0.03794725269813197 0.03794725269813197 0.03794725269813197 0.03794725269813197 0.03794725269813197 
0.06737787882318136 0.20440006762043952 0.040817728058911595 0.10335665398089659 0.108095887618829 0.026631526843325298 0.2998398236186697 0.049826811145249006 0.049826811145249006 0.049826811145249006 
0.21746342188557347 0.2704501466098928 0.1674126867227116 0.20772270691652903 0.02282517297754886 0.02282517297754886 0.02282517297754886 0.02282517297754886 0.02282517297754886 0.02282517297754886 
0.271586907204064 0.09385888754979958 0.06939613327953664 0.03834891132699851 0.30564276566679516 0.044233278994561295 0.044233278994561295 0.044233278994561295 0.044233278994561295 0.044233278994561295 


0.07716278518710834 0.16617655335411738 0.0773019324948748 0.22890215726283872 0.21635726281116108 0.046819861777979956 0.046819861777979956 0.046819861777979956 0.046819861777979956 0.046819861777979956 
0.195125922947936 0.1792719184267709 0.23391063134628645 0.10806692333390396 0.04727076732418379 0.04727076732418379 0.04727076732418379 0.04727076732418379 0.04727076732418379 0.04727076732418379 
0.23884930897732648 0.06189040740782871 0.24081884026172606 0.07916923327817553 0.19966601799306832 0.03592123841637495 0.03592123841637495 0.03592123841637495 0.03592123841637495 0.03592123841637495 
0.031693673880888194 0.3294164226474633 0.04417885861756556 0.3329741303630737 0.0436228190818349 0.0436228190818349 0.0436228190818349 0.0436228190818349 0.0436228190818349 0.0436228190818349 
0.2204286849032769 0.3302077904323383 0.21813645526050818 0.033032438486268065 0.033032438486268065 0.033032438486268065 0.033032438486268065 0.033032438486268065 0.033032438486268065 0.033032438486268065 
0.02734743497419339 0.24710323172530677 0.25246431726089963 0.0037124123969205607 0.140220823129946 0.06583035610254676 0.06583035610254676 0.06583035610254676 0.06583035610254676 0.06583035610254676 
0.21485845765650222 0.2960493076164055 0.22906597515930202 0.03714660850968432 0.03714660850968432 0.03714660850968432 0.03714660850968432 0.03714660850968432 0.03714660850968432 0.03714660850968432 
0.08601334032313988 0.31985100804281724 0.0018982087521493209 0.1955166298182748 0.14263146812003868 0.05081786898871603 0.05081786898871603 0.05081786898871603 0.05081786898871603 0.05081786898871603 
0.174055192498329 0.2209314932287016 0.10385716575805112 0.24185324041146491 0.04321715135057552 0.04321715135057552 0.04321715135057552 0.04321715135057552 0.04321715135057552 0.04321715135057552 
0.1752590949567864 0.10224663571465394 0.09719299951634064 0.16991066005584607 0.3183399858548185 0.027410124780310807 0.027410124780310807 0.027410124780310807 0.027410124780310807 0.027410124780310807 


0.31213276711935994 0.04641510423327311 0.2637453130965813 0.005097851919187952 0.25589696172469717 0.023342400381380125 0.023342400381380125 0.023342400381380125 0.023342400381380125 0.023342400381380125 
0.24685861279136517 0.10019417923487227 0.10428984818867355 0.3060310706341914 0.04043771485848298 0.04043771485848298 0.04043771485848298 0.04043771485848298 0.04043771485848298 0.04043771485848298 
0.09772598145593538 0.31502359010236153 0.18568269520070588 0.2721107020212142 0.021576171869963807 0.021576171869963807 0.021576171869963807 0.021576171869963807 0.021576171869963807 0.021576171869963807 
0.008002275253504313 0.3227388651694269 0.28383056501999343 0.08960009413368279 0.04930470007056542 0.04930470007056542 0.04930470007056542 0.04930470007056542 0.04930470007056542 0.04930470007056542 
