Summary for 
Statistics_5.txt++++++++++++++++++++++++++++++++

For dataset A, the majority is :B

Accuracy with majority is : 0.23


For dataset B, the majority is :B

Accuracy with majority is : 0.257


Distribution for A

++++++++++++++++++++


Unigram

0.10595835007210155 0.005074568700834192 0.36748331179833726 0.48209422768263077 0.00656492362434941 0.00656492362434941 0.00656492362434941 0.00656492362434941 0.00656492362434941 0.00656492362434941 
Bigram

0.19263474890262489 0.24947467659292666 0.09463887260837651 0.06617881455658173 0.06617881455658173 0.06617881455658173 0.06617881455658173 0.06617881455658173 0.06617881455658173 0.06617881455658173 
0.34588863698024164 0.38583153871036396 0.03353497803867428 0.03353497803867428 0.03353497803867428 0.03353497803867428 0.03353497803867428 0.03353497803867428 0.03353497803867428 0.03353497803867428 
0.13112666125758204 0.4926975474501052 0.04702197391153915 0.04702197391153915 0.04702197391153915 0.04702197391153915 0.04702197391153915 0.04702197391153915 0.04702197391153915 0.04702197391153915 
0.3841473843594043 0.19402603311410196 0.05272832281581169 0.05272832281581169 0.05272832281581169 0.05272832281581169 0.05272832281581169 0.05272832281581169 0.05272832281581169 0.05272832281581169 
0.4452612753223192 0.09644508484327083 0.0572867049793013 0.0572867049793013 0.0572867049793013 0.0572867049793013 0.0572867049793013 0.0572867049793013 0.0572867049793013 0.0572867049793013 
0.26721041807257945 0.35269580251081417 0.047511722427075805 0.047511722427075805 0.047511722427075805 0.047511722427075805 0.047511722427075805 0.047511722427075805 0.047511722427075805 0.047511722427075805 
0.05402691926709256 0.4598281614004229 0.06076811491656062 0.06076811491656062 0.06076811491656062 0.06076811491656062 0.06076811491656062 0.06076811491656062 0.06076811491656062 0.06076811491656062 
0.06754128517982033 0.004006069749763307 0.05138363445135863 0.012489138203481853 0.23643647406427726 0.05754467341369385 0.11079330616364375 0.1532684729246537 0.1532684729246537 0.1532684729246537 
0.41757801027090663 0.10042213898580934 0.060249981342910534 0.060249981342910534 0.060249981342910534 0.060249981342910534 0.060249981342910534 0.060249981342910534 0.060249981342910534 0.060249981342910534 
0.1116077126717996 0.22448905052772 0.47815705965862343 0.026535168163122444 0.026535168163122444 0.026535168163122444 0.026535168163122444 0.026535168163122444 0.026535168163122444 0.026535168163122444 

Trigram
0.012722118770396506 0.3522620126750828 0.2149024421410847 0.060016203773347966 0.060016203773347966 0.060016203773347966 0.060016203773347966 0.060016203773347966 0.060016203773347966 0.060016203773347966 
0.0339517323116437 0.11878680721584603 0.4725716265502099 0.05352711913175716 0.05352711913175716 0.05352711913175716 0.05352711913175716 0.05352711913175716 0.05352711913175716 0.05352711913175716 
0.17131024564476935 0.255388191754887 0.3357738167697428 0.0339325351186573 0.0339325351186573 0.0339325351186573 0.0339325351186573 0.0339325351186573 0.0339325351186573 0.0339325351186573 
0.3805759899524028 0.3412070253828876 0.034777123083088717 0.034777123083088717 0.034777123083088717 0.034777123083088717 0.034777123083088717 0.034777123083088717 0.034777123083088717 0.034777123083088717 
0.16066091383279987 0.32357962736568735 0.29463872534431085 0.03158867620817168 0.03158867620817168 0.03158867620817168 0.03158867620817168 0.03158867620817168 0.03158867620817168 0.03158867620817168 
0.4459178299403296 0.16562737335787162 0.048556849587724826 0.048556849587724826 0.048556849587724826 0.048556849587724826 0.048556849587724826 0.048556849587724826 0.048556849587724826 0.048556849587724826 
0.19176376335042322 0.1948135186405211 0.26948257013666005 0.04913430683891371 0.04913430683891371 0.04913430683891371 0.04913430683891371 0.04913430683891371 0.04913430683891371 0.04913430683891371 
0.25136480268706796 0.3794853932240785 0.04614372551110671 0.04614372551110671 0.04614372551110671 0.04614372551110671 0.04614372551110671 0.04614372551110671 0.04614372551110671 0.04614372551110671 
0.0644294905505167 0.2757539238831954 0.23197806272182483 0.06111978897778041 0.06111978897778041 0.06111978897778041 0.06111978897778041 0.06111978897778041 0.06111978897778041 0.06111978897778041 
0.37598508261185515 0.16371979771577758 0.057536889959045885 0.057536889959045885 0.057536889959045885 0.057536889959045885 0.057536889959045885 0.057536889959045885 0.057536889959045885 0.057536889959045885 


0.36852985193840826 0.4599775169965126 0.02143657888313489 0.02143657888313489 0.02143657888313489 0.02143657888313489 0.02143657888313489 0.02143657888313489 0.02143657888313489 0.02143657888313489 
0.10382719370222765 0.18458677970460463 0.10044568725594383 0.017049698392474055 0.2438080306388578 0.0700565220611784 0.0700565220611784 0.0700565220611784 0.0700565220611784 0.0700565220611784 
0.4310542991506555 0.2278307866304751 0.04263936427735865 0.04263936427735865 0.04263936427735865 0.04263936427735865 0.04263936427735865 0.04263936427735865 0.04263936427735865 0.04263936427735865 
0.40658530147477623 0.3412780586770347 0.03151707998102368 0.03151707998102368 0.03151707998102368 0.03151707998102368 0.03151707998102368 0.03151707998102368 0.03151707998102368 0.03151707998102368 
0.20511954647860406 0.4762968779795537 0.03982294694273031 0.03982294694273031 0.03982294694273031 0.03982294694273031 0.03982294694273031 0.03982294694273031 0.03982294694273031 0.03982294694273031 
0.30233749639710855 0.33106422495748034 0.04582478483067636 0.04582478483067636 0.04582478483067636 0.04582478483067636 0.04582478483067636 0.04582478483067636 0.04582478483067636 0.04582478483067636 
0.4476563090154109 0.12730277718946162 0.053130114224390915 0.053130114224390915 0.053130114224390915 0.053130114224390915 0.053130114224390915 0.053130114224390915 0.053130114224390915 0.053130114224390915 
0.17093378838930226 0.20273552698419947 0.15489348638092384 0.06734817117793916 0.06734817117793916 0.06734817117793916 0.06734817117793916 0.06734817117793916 0.06734817117793916 0.06734817117793916 
0.17333246899445046 0.14725345768525697 0.42926542616991964 0.035735521021481885 0.035735521021481885 0.035735521021481885 0.035735521021481885 0.035735521021481885 0.035735521021481885 0.035735521021481885 
0.421981893572946 0.15757606386002662 0.052555255320878395 0.052555255320878395 0.052555255320878395 0.052555255320878395 0.052555255320878395 0.052555255320878395 0.052555255320878395 0.052555255320878395 


0.19707570771000335 0.401910289809975 0.05012675031000272 0.05012675031000272 0.05012675031000272 0.05012675031000272 0.05012675031000272 0.05012675031000272 0.05012675031000272 0.05012675031000272 
0.31976760647628655 0.018559974540643932 0.2657008219915603 0.056567370998787 0.056567370998787 0.056567370998787 0.056567370998787 0.056567370998787 0.056567370998787 0.056567370998787 
0.08470733211554318 0.34089322447409737 0.44900578821493087 0.01791337931363263 0.01791337931363263 0.01791337931363263 0.01791337931363263 0.01791337931363263 0.01791337931363263 0.01791337931363263 
0.4221656785421277 0.33683638836173746 0.030124741637016863 0.030124741637016863 0.030124741637016863 0.030124741637016863 0.030124741637016863 0.030124741637016863 0.030124741637016863 0.030124741637016863 
0.012640617266706988 0.12094155121985287 0.47058918706932334 0.05654694920630237 0.05654694920630237 0.05654694920630237 0.05654694920630237 0.05654694920630237 0.05654694920630237 0.05654694920630237 
0.05050319741644954 0.26323799019270383 0.08842080121947427 0.3988497066096989 0.03316471742694558 0.03316471742694558 0.03316471742694558 0.03316471742694558 0.03316471742694558 0.03316471742694558 
0.1994216553099317 0.08813351984138709 0.1570045987908578 0.48625010063960616 0.01153168756970285 0.01153168756970285 0.01153168756970285 0.01153168756970285 0.01153168756970285 0.01153168756970285 
0.1538479986493487 0.29020214696434055 0.21084605651536945 0.049300542552991586 0.049300542552991586 0.049300542552991586 0.049300542552991586 0.049300542552991586 0.049300542552991586 0.049300542552991586 
0.3416436305955812 0.26778143582851366 0.04882186669698809 0.04882186669698809 0.04882186669698809 0.04882186669698809 0.04882186669698809 0.04882186669698809 0.04882186669698809 0.04882186669698809 
0.33851644337620207 0.084875874859176 0.18058287554950833 0.05657497231644478 0.05657497231644478 0.05657497231644478 0.05657497231644478 0.05657497231644478 0.05657497231644478 0.05657497231644478 


0.4513761690900749 0.012749883160857789 0.05542778967661882 0.06863516543892122 0.06863516543892122 0.06863516543892122 0.06863516543892122 0.06863516543892122 0.06863516543892122 0.06863516543892122 
0.14315346289751268 0.4386631823859485 0.05227291933956736 0.05227291933956736 0.05227291933956736 0.05227291933956736 0.05227291933956736 0.05227291933956736 0.05227291933956736 0.05227291933956736 
0.027207538099660665 0.4942587365825736 0.05981671566472075 0.05981671566472075 0.05981671566472075 0.05981671566472075 0.05981671566472075 0.05981671566472075 0.05981671566472075 0.05981671566472075 
0.067824993060874 0.3050266235147857 0.45397159091032085 0.02473954178771703 0.02473954178771703 0.02473954178771703 0.02473954178771703 0.02473954178771703 0.02473954178771703 0.02473954178771703 
0.15120154599839072 0.4348855153434468 0.05173911733227028 0.05173911733227028 0.05173911733227028 0.05173911733227028 0.05173911733227028 0.05173911733227028 0.05173911733227028 0.05173911733227028 
0.14797497050891878 0.3769202303621929 0.05938809989111103 0.05938809989111103 0.05938809989111103 0.05938809989111103 0.05938809989111103 0.05938809989111103 0.05938809989111103 0.05938809989111103 
0.009888093413161403 0.4890443662390594 0.35500219162182883 0.02086647838942152 0.02086647838942152 0.02086647838942152 0.02086647838942152 0.02086647838942152 0.02086647838942152 0.02086647838942152 
0.4453395831135953 0.27857969303660995 0.03451009048122435 0.03451009048122435 0.03451009048122435 0.03451009048122435 0.03451009048122435 0.03451009048122435 0.03451009048122435 0.03451009048122435 
0.25782819261656664 0.3217393190901533 0.05255406103665999 0.05255406103665999 0.05255406103665999 0.05255406103665999 0.05255406103665999 0.05255406103665999 0.05255406103665999 0.05255406103665999 
0.09224752973253703 0.14175273945086908 0.10964469218703338 0.14893835807287942 0.0031276909308273195 0.40650934872680133 0.02444491022476311 0.02444491022476311 0.02444491022476311 0.02444491022476311 


0.025867775231784972 0.3811289723157343 0.4326022812651195 0.02291442445533733 0.02291442445533733 0.02291442445533733 0.02291442445533733 0.02291442445533733 0.02291442445533733 0.02291442445533733 
0.4230972976394538 0.0890311112745403 0.06098394888575071 0.06098394888575071 0.06098394888575071 0.06098394888575071 0.06098394888575071 0.06098394888575071 0.06098394888575071 0.06098394888575071 
0.4703490481490914 0.5007092612738484 0.003617711322132536 0.003617711322132536 0.003617711322132536 0.003617711322132536 0.003617711322132536 0.003617711322132536 0.003617711322132536 0.003617711322132536 
0.48862365206004255 0.1836023879786046 0.04097174499516913 0.04097174499516913 0.04097174499516913 0.04097174499516913 0.04097174499516913 0.04097174499516913 0.04097174499516913 0.04097174499516913 
0.2086019580184045 0.24350143069918687 0.1604897463299804 0.05534383785034687 0.05534383785034687 0.05534383785034687 0.05534383785034687 0.05534383785034687 0.05534383785034687 0.05534383785034687 
0.3612557614930637 0.08752848223777718 0.3966635812790157 0.02207888214144908 0.02207888214144908 0.02207888214144908 0.02207888214144908 0.02207888214144908 0.02207888214144908 0.02207888214144908 
0.14260713926436844 0.24320858153334243 0.033220713797763625 0.48539241391240606 0.01592852524868656 0.01592852524868656 0.01592852524868656 0.01592852524868656 0.01592852524868656 0.01592852524868656 
0.36636721087437335 0.4532614638866023 0.022546415654878044 0.022546415654878044 0.022546415654878044 0.022546415654878044 0.022546415654878044 0.022546415654878044 0.022546415654878044 0.022546415654878044 
0.397872023049147 0.3792957284731057 0.027854031059718416 0.027854031059718416 0.027854031059718416 0.027854031059718416 0.027854031059718416 0.027854031059718416 0.027854031059718416 0.027854031059718416 
0.2381276344801963 0.23635478052039677 0.4723270893402725 0.007598642237019203 0.007598642237019203 0.007598642237019203 0.007598642237019203 0.007598642237019203 0.007598642237019203 0.007598642237019203 


0.07832148990218366 0.1512552121900774 0.33274646146075987 0.0625252623495684 0.0625252623495684 0.0625252623495684 0.0625252623495684 0.0625252623495684 0.0625252623495684 0.0625252623495684 
0.20698667447581515 0.029726419771282653 0.2812326814319949 0.06886488918870105 0.06886488918870105 0.06886488918870105 0.06886488918870105 0.06886488918870105 0.06886488918870105 0.06886488918870105 
0.09322375771855107 0.49160481030280234 0.051896428997330823 0.051896428997330823 0.051896428997330823 0.051896428997330823 0.051896428997330823 0.051896428997330823 0.051896428997330823 0.051896428997330823 
0.4448312832498239 0.32153171004680575 0.029204625837921314 0.029204625837921314 0.029204625837921314 0.029204625837921314 0.029204625837921314 0.029204625837921314 0.029204625837921314 0.029204625837921314 
0.03938557563971815 0.14815101361202324 0.4785769744137018 0.04769806233350811 0.04769806233350811 0.04769806233350811 0.04769806233350811 0.04769806233350811 0.04769806233350811 0.04769806233350811 
0.03877846408915057 0.4096668078156119 0.3827953260279983 0.024108486009605662 0.024108486009605662 0.024108486009605662 0.024108486009605662 0.024108486009605662 0.024108486009605662 0.024108486009605662 
0.036820176369028644 0.005109376895671169 0.12243439824760774 0.4062761136554904 0.07155998913870039 0.07155998913870039 0.07155998913870039 0.07155998913870039 0.07155998913870039 0.07155998913870039 
0.45277719528938726 0.4096558872660602 0.017195864680569037 0.017195864680569037 0.017195864680569037 0.017195864680569037 0.017195864680569037 0.017195864680569037 0.017195864680569037 0.017195864680569037 
0.2931631975967578 0.3298938612874468 0.047117867639474405 0.047117867639474405 0.047117867639474405 0.047117867639474405 0.047117867639474405 0.047117867639474405 0.047117867639474405 0.047117867639474405 
0.4554211238040211 0.005769221977080307 0.1265648462025002 0.05889211543091401 0.05889211543091401 0.05889211543091401 0.05889211543091401 0.05889211543091401 0.05889211543091401 0.05889211543091401 


0.07270596770162177 0.16877120876634263 0.15446233969429987 0.44539926487097875 0.02644353649445947 0.02644353649445947 0.02644353649445947 0.02644353649445947 0.02644353649445947 0.02644353649445947 
0.1517510061707204 0.22991280458059 0.2217428616346847 0.05665618965914357 0.05665618965914357 0.05665618965914357 0.05665618965914357 0.05665618965914357 0.05665618965914357 0.05665618965914357 
0.07219591608646941 0.4757652195417041 0.05650485804647832 0.05650485804647832 0.05650485804647832 0.05650485804647832 0.05650485804647832 0.05650485804647832 0.05650485804647832 0.05650485804647832 
0.2343973091795111 0.29121280205524064 0.059298736095656016 0.059298736095656016 0.059298736095656016 0.059298736095656016 0.059298736095656016 0.059298736095656016 0.059298736095656016 0.059298736095656016 
0.14601401318783272 0.34115431286130987 0.31222047048165086 0.02865874335274385 0.02865874335274385 0.02865874335274385 0.02865874335274385 0.02865874335274385 0.02865874335274385 0.02865874335274385 
0.2900196142716938 0.367341089139843 0.04282991207355791 0.04282991207355791 0.04282991207355791 0.04282991207355791 0.04282991207355791 0.04282991207355791 0.04282991207355791 0.04282991207355791 
0.48051277409927495 0.47063575127854673 0.0061064343277723405 0.0061064343277723405 0.0061064343277723405 0.0061064343277723405 0.0061064343277723405 0.0061064343277723405 0.0061064343277723405 0.0061064343277723405 
0.2648283478577053 0.4344226754555602 0.037593622085841806 0.037593622085841806 0.037593622085841806 0.037593622085841806 0.037593622085841806 0.037593622085841806 0.037593622085841806 0.037593622085841806 
0.0242154226020865 0.23370030498029506 0.3393793055257993 0.05752928098454561 0.05752928098454561 0.05752928098454561 0.05752928098454561 0.05752928098454561 0.05752928098454561 0.05752928098454561 
0.3489010131695232 0.21311764210726727 0.05474766809040117 0.05474766809040117 0.05474766809040117 0.05474766809040117 0.05474766809040117 0.05474766809040117 0.05474766809040117 0.05474766809040117 


0.09891431146621661 0.11260369254707854 0.02761949470719095 0.0013017644961049837 0.29391180395874894 0.09312978656493202 0.09312978656493202 0.09312978656493202 0.09312978656493202 0.09312978656493202 
0.49097673056176605 0.45067746243570456 0.007293225875316123 0.007293225875316123 0.007293225875316123 0.007293225875316123 0.007293225875316123 0.007293225875316123 0.007293225875316123 0.007293225875316123 
0.022256489818806968 0.2489216271697467 0.41562468147899273 0.0447424573617791 0.0447424573617791 0.0447424573617791 0.0447424573617791 0.0447424573617791 0.0447424573617791 0.0447424573617791 
0.004734275966053591 0.031425250539203045 0.22492607553089755 0.41263715516371385 0.054379540466688595 0.054379540466688595 0.054379540466688595 0.054379540466688595 0.054379540466688595 0.054379540466688595 
0.24819405664368302 0.3373558499939757 0.051806261670292626 0.051806261670292626 0.051806261670292626 0.051806261670292626 0.051806261670292626 0.051806261670292626 0.051806261670292626 0.051806261670292626 
0.419693834708512 0.45001756805786997 0.01628607465420224 0.01628607465420224 0.01628607465420224 0.01628607465420224 0.01628607465420224 0.01628607465420224 0.01628607465420224 0.01628607465420224 
0.48641780786715505 0.23186889986662507 0.035214161533277485 0.035214161533277485 0.035214161533277485 0.035214161533277485 0.035214161533277485 0.035214161533277485 0.035214161533277485 0.035214161533277485 
0.14009469574921968 0.49592941025460374 0.045496986749522066 0.045496986749522066 0.045496986749522066 0.045496986749522066 0.045496986749522066 0.045496986749522066 0.045496986749522066 0.045496986749522066 
0.46742036595828745 0.18115978913666458 0.043927480613131 0.043927480613131 0.043927480613131 0.043927480613131 0.043927480613131 0.043927480613131 0.043927480613131 0.043927480613131 
0.1692504784084353 0.15231313392362625 0.23818025308499866 0.06289373351184852 0.06289373351184852 0.06289373351184852 0.06289373351184852 0.06289373351184852 0.06289373351184852 0.06289373351184852 


0.10425819240735884 0.35483642730397263 0.07086961291586918 0.06714796676754277 0.06714796676754277 0.06714796676754277 0.06714796676754277 0.06714796676754277 0.06714796676754277 0.06714796676754277 
0.37410873425760727 0.11180364248021343 0.3978732425241654 0.016602054391144875 0.016602054391144875 0.016602054391144875 0.016602054391144875 0.016602054391144875 0.016602054391144875 0.016602054391144875 
0.27817868774138793 0.383647118788991 0.04227177418370264 0.04227177418370264 0.04227177418370264 0.04227177418370264 0.04227177418370264 0.04227177418370264 0.04227177418370264 0.04227177418370264 
0.3133585433748977 0.23117405886093806 0.05693342472052052 0.05693342472052052 0.05693342472052052 0.05693342472052052 0.05693342472052052 0.05693342472052052 0.05693342472052052 0.05693342472052052 
0.33159705098999015 0.42210405353250274 0.03078736193468844 0.03078736193468844 0.03078736193468844 0.03078736193468844 0.03078736193468844 0.03078736193468844 0.03078736193468844 0.03078736193468844 
0.21039991298154936 0.37630398571116813 0.05166201266341031 0.05166201266341031 0.05166201266341031 0.05166201266341031 0.05166201266341031 0.05166201266341031 0.05166201266341031 0.05166201266341031 
0.1583145654348074 0.226507418553523 0.27887487850784315 0.04804330535768946 0.04804330535768946 0.04804330535768946 0.04804330535768946 0.04804330535768946 0.04804330535768946 0.04804330535768946 
0.36043915919558045 0.4313037826035267 0.026032132275111627 0.026032132275111627 0.026032132275111627 0.026032132275111627 0.026032132275111627 0.026032132275111627 0.026032132275111627 0.026032132275111627 
0.3749103015869666 0.10612324630101336 0.31859016079827807 0.028625184473391758 0.028625184473391758 0.028625184473391758 0.028625184473391758 0.028625184473391758 0.028625184473391758 0.028625184473391758 
0.24167004111470125 0.39106100460376747 0.04590861928519141 0.04590861928519141 0.04590861928519141 0.04590861928519141 0.04590861928519141 0.04590861928519141 0.04590861928519141 0.04590861928519141 


0.12078386381892584 0.12920978450902085 0.18919649943646674 0.17103271672080225 0.06496285591913069 0.06496285591913069 0.06496285591913069 0.06496285591913069 0.06496285591913069 0.06496285591913069 
0.03258924913520713 0.2224197895543034 0.4868317685462784 0.036879884680601605 0.036879884680601605 0.036879884680601605 0.036879884680601605 0.036879884680601605 0.036879884680601605 0.036879884680601605 
0.3092731271583736 0.38020772679691184 0.03881489325558938 0.03881489325558938 0.03881489325558938 0.03881489325558938 0.03881489325558938 0.03881489325558938 0.03881489325558938 0.03881489325558938 
0.2298686661774062 0.1294724664749578 0.44245077336279576 0.02831544199783433 0.02831544199783433 0.02831544199783433 0.02831544199783433 0.02831544199783433 0.02831544199783433 0.02831544199783433 
0.09699391124095477 0.29394438308108123 0.1935204563389418 0.059363035619860276 0.059363035619860276 0.059363035619860276 0.059363035619860276 0.059363035619860276 0.059363035619860276 0.059363035619860276 
0.49458883978979673 0.3942373985153547 0.013896720211856069 0.013896720211856069 0.013896720211856069 0.013896720211856069 0.013896720211856069 0.013896720211856069 0.013896720211856069 0.013896720211856069 
0.17056054325272038 0.27486062825018515 0.49335922481691 0.00874565766859776 0.00874565766859776 0.00874565766859776 0.00874565766859776 0.00874565766859776 0.00874565766859776 0.00874565766859776 
0.37182194210335334 0.4222491384637078 0.025741114929117362 0.025741114929117362 0.025741114929117362 0.025741114929117362 0.025741114929117362 0.025741114929117362 0.025741114929117362 0.025741114929117362 
0.19736333440296075 0.13431347969547444 0.29930863616476744 0.052716364248113934 0.052716364248113934 0.052716364248113934 0.052716364248113934 0.052716364248113934 0.052716364248113934 0.052716364248113934 
0.14863515792276805 0.20924025702751547 0.11438864654207338 0.12888067147037896 0.06647587783954403 0.06647587783954403 0.06647587783954403 0.06647587783954403 0.06647587783954403 0.06647587783954403 


Distribution for A
++++++++++++++++++++

Unigram
0.10595835007210155 0.005074568700834192 0.36748331179833726 0.48209422768263077 0.00656492362434941 0.00656492362434941 0.00656492362434941 0.00656492362434941 0.00656492362434941 0.00656492362434941 
Bigram
0.19263474890262489 0.24947467659292666 0.09463887260837651 0.06617881455658173 0.06617881455658173 0.06617881455658173 0.06617881455658173 0.06617881455658173 0.06617881455658173 0.06617881455658173 
0.34588863698024164 0.38583153871036396 0.03353497803867428 0.03353497803867428 0.03353497803867428 0.03353497803867428 0.03353497803867428 0.03353497803867428 0.03353497803867428 0.03353497803867428 
0.13112666125758204 0.4926975474501052 0.04702197391153915 0.04702197391153915 0.04702197391153915 0.04702197391153915 0.04702197391153915 0.04702197391153915 0.04702197391153915 0.04702197391153915 
0.3841473843594043 0.19402603311410196 0.05272832281581169 0.05272832281581169 0.05272832281581169 0.05272832281581169 0.05272832281581169 0.05272832281581169 0.05272832281581169 0.05272832281581169 
0.4452612753223192 0.09644508484327083 0.0572867049793013 0.0572867049793013 0.0572867049793013 0.0572867049793013 0.0572867049793013 0.0572867049793013 0.0572867049793013 0.0572867049793013 
0.26721041807257945 0.35269580251081417 0.047511722427075805 0.047511722427075805 0.047511722427075805 0.047511722427075805 0.047511722427075805 0.047511722427075805 0.047511722427075805 0.047511722427075805 
0.05402691926709256 0.4598281614004229 0.06076811491656062 0.06076811491656062 0.06076811491656062 0.06076811491656062 0.06076811491656062 0.06076811491656062 0.06076811491656062 0.06076811491656062 
0.06754128517982033 0.004006069749763307 0.05138363445135863 0.012489138203481853 0.23643647406427726 0.05754467341369385 0.11079330616364375 0.1532684729246537 0.1532684729246537 0.1532684729246537 
0.41757801027090663 0.10042213898580934 0.060249981342910534 0.060249981342910534 0.060249981342910534 0.060249981342910534 0.060249981342910534 0.060249981342910534 0.060249981342910534 0.060249981342910534 
0.1116077126717996 0.22448905052772 0.47815705965862343 0.026535168163122444 0.026535168163122444 0.026535168163122444 0.026535168163122444 0.026535168163122444 0.026535168163122444 0.026535168163122444 

Trigram
0.012722118770396506 0.3522620126750828 0.2149024421410847 0.060016203773347966 0.060016203773347966 0.060016203773347966 0.060016203773347966 0.060016203773347966 0.060016203773347966 0.060016203773347966 
0.0339517323116437 0.11878680721584603 0.4725716265502099 0.05352711913175716 0.05352711913175716 0.05352711913175716 0.05352711913175716 0.05352711913175716 0.05352711913175716 0.05352711913175716 
0.17131024564476935 0.255388191754887 0.3357738167697428 0.0339325351186573 0.0339325351186573 0.0339325351186573 0.0339325351186573 0.0339325351186573 0.0339325351186573 0.0339325351186573 
0.3805759899524028 0.3412070253828876 0.034777123083088717 0.034777123083088717 0.034777123083088717 0.034777123083088717 0.034777123083088717 0.034777123083088717 0.034777123083088717 0.034777123083088717 
0.16066091383279987 0.32357962736568735 0.29463872534431085 0.03158867620817168 0.03158867620817168 0.03158867620817168 0.03158867620817168 0.03158867620817168 0.03158867620817168 0.03158867620817168 
0.4459178299403296 0.16562737335787162 0.048556849587724826 0.048556849587724826 0.048556849587724826 0.048556849587724826 0.048556849587724826 0.048556849587724826 0.048556849587724826 0.048556849587724826 
0.19176376335042322 0.1948135186405211 0.26948257013666005 0.04913430683891371 0.04913430683891371 0.04913430683891371 0.04913430683891371 0.04913430683891371 0.04913430683891371 0.04913430683891371 
0.25136480268706796 0.3794853932240785 0.04614372551110671 0.04614372551110671 0.04614372551110671 0.04614372551110671 0.04614372551110671 0.04614372551110671 0.04614372551110671 0.04614372551110671 
0.0644294905505167 0.2757539238831954 0.23197806272182483 0.06111978897778041 0.06111978897778041 0.06111978897778041 0.06111978897778041 0.06111978897778041 0.06111978897778041 0.06111978897778041 
0.37598508261185515 0.16371979771577758 0.057536889959045885 0.057536889959045885 0.057536889959045885 0.057536889959045885 0.057536889959045885 0.057536889959045885 0.057536889959045885 0.057536889959045885 


0.36852985193840826 0.4599775169965126 0.02143657888313489 0.02143657888313489 0.02143657888313489 0.02143657888313489 0.02143657888313489 0.02143657888313489 0.02143657888313489 0.02143657888313489 
0.10382719370222765 0.18458677970460463 0.10044568725594383 0.017049698392474055 0.2438080306388578 0.0700565220611784 0.0700565220611784 0.0700565220611784 0.0700565220611784 0.0700565220611784 
0.4310542991506555 0.2278307866304751 0.04263936427735865 0.04263936427735865 0.04263936427735865 0.04263936427735865 0.04263936427735865 0.04263936427735865 0.04263936427735865 0.04263936427735865 
0.40658530147477623 0.3412780586770347 0.03151707998102368 0.03151707998102368 0.03151707998102368 0.03151707998102368 0.03151707998102368 0.03151707998102368 0.03151707998102368 0.03151707998102368 
0.20511954647860406 0.4762968779795537 0.03982294694273031 0.03982294694273031 0.03982294694273031 0.03982294694273031 0.03982294694273031 0.03982294694273031 0.03982294694273031 0.03982294694273031 
0.30233749639710855 0.33106422495748034 0.04582478483067636 0.04582478483067636 0.04582478483067636 0.04582478483067636 0.04582478483067636 0.04582478483067636 0.04582478483067636 0.04582478483067636 
0.4476563090154109 0.12730277718946162 0.053130114224390915 0.053130114224390915 0.053130114224390915 0.053130114224390915 0.053130114224390915 0.053130114224390915 0.053130114224390915 0.053130114224390915 
0.17093378838930226 0.20273552698419947 0.15489348638092384 0.06734817117793916 0.06734817117793916 0.06734817117793916 0.06734817117793916 0.06734817117793916 0.06734817117793916 0.06734817117793916 
0.17333246899445046 0.14725345768525697 0.42926542616991964 0.035735521021481885 0.035735521021481885 0.035735521021481885 0.035735521021481885 0.035735521021481885 0.035735521021481885 0.035735521021481885 
0.421981893572946 0.15757606386002662 0.052555255320878395 0.052555255320878395 0.052555255320878395 0.052555255320878395 0.052555255320878395 0.052555255320878395 0.052555255320878395 0.052555255320878395 


0.19707570771000335 0.401910289809975 0.05012675031000272 0.05012675031000272 0.05012675031000272 0.05012675031000272 0.05012675031000272 0.05012675031000272 0.05012675031000272 0.05012675031000272 
0.31976760647628655 0.018559974540643932 0.2657008219915603 0.056567370998787 0.056567370998787 0.056567370998787 0.056567370998787 0.056567370998787 0.056567370998787 0.056567370998787 
0.08470733211554318 0.34089322447409737 0.44900578821493087 0.01791337931363263 0.01791337931363263 0.01791337931363263 0.01791337931363263 0.01791337931363263 0.01791337931363263 0.01791337931363263 
0.4221656785421277 0.33683638836173746 0.030124741637016863 0.030124741637016863 0.030124741637016863 0.030124741637016863 0.030124741637016863 0.030124741637016863 0.030124741637016863 0.030124741637016863 
0.012640617266706988 0.12094155121985287 0.47058918706932334 0.05654694920630237 0.05654694920630237 0.05654694920630237 0.05654694920630237 0.05654694920630237 0.05654694920630237 0.05654694920630237 
0.05050319741644954 0.26323799019270383 0.08842080121947427 0.3988497066096989 0.03316471742694558 0.03316471742694558 0.03316471742694558 0.03316471742694558 0.03316471742694558 0.03316471742694558 
0.1994216553099317 0.08813351984138709 0.1570045987908578 0.48625010063960616 0.01153168756970285 0.01153168756970285 0.01153168756970285 0.01153168756970285 0.01153168756970285 0.01153168756970285 
0.1538479986493487 0.29020214696434055 0.21084605651536945 0.049300542552991586 0.049300542552991586 0.049300542552991586 0.049300542552991586 0.049300542552991586 0.049300542552991586 0.049300542552991586 
0.3416436305955812 0.26778143582851366 0.04882186669698809 0.04882186669698809 0.04882186669698809 0.04882186669698809 0.04882186669698809 0.04882186669698809 0.04882186669698809 0.04882186669698809 
0.33851644337620207 0.084875874859176 0.18058287554950833 0.05657497231644478 0.05657497231644478 0.05657497231644478 0.05657497231644478 0.05657497231644478 0.05657497231644478 0.05657497231644478 


0.4513761690900749 0.012749883160857789 0.05542778967661882 0.06863516543892122 0.06863516543892122 0.06863516543892122 0.06863516543892122 0.06863516543892122 0.06863516543892122 0.06863516543892122 
0.14315346289751268 0.4386631823859485 0.05227291933956736 0.05227291933956736 0.05227291933956736 0.05227291933956736 0.05227291933956736 0.05227291933956736 0.05227291933956736 0.05227291933956736 
0.027207538099660665 0.4942587365825736 0.05981671566472075 0.05981671566472075 0.05981671566472075 0.05981671566472075 0.05981671566472075 0.05981671566472075 0.05981671566472075 0.05981671566472075 
0.067824993060874 0.3050266235147857 0.45397159091032085 0.02473954178771703 0.02473954178771703 0.02473954178771703 0.02473954178771703 0.02473954178771703 0.02473954178771703 0.02473954178771703 
0.15120154599839072 0.4348855153434468 0.05173911733227028 0.05173911733227028 0.05173911733227028 0.05173911733227028 0.05173911733227028 0.05173911733227028 0.05173911733227028 0.05173911733227028 
0.14797497050891878 0.3769202303621929 0.05938809989111103 0.05938809989111103 0.05938809989111103 0.05938809989111103 0.05938809989111103 0.05938809989111103 0.05938809989111103 0.05938809989111103 
0.009888093413161403 0.4890443662390594 0.35500219162182883 0.02086647838942152 0.02086647838942152 0.02086647838942152 0.02086647838942152 0.02086647838942152 0.02086647838942152 0.02086647838942152 
0.4453395831135953 0.27857969303660995 0.03451009048122435 0.03451009048122435 0.03451009048122435 0.03451009048122435 0.03451009048122435 0.03451009048122435 0.03451009048122435 0.03451009048122435 
0.25782819261656664 0.3217393190901533 0.05255406103665999 0.05255406103665999 0.05255406103665999 0.05255406103665999 0.05255406103665999 0.05255406103665999 0.05255406103665999 0.05255406103665999 
0.09224752973253703 0.14175273945086908 0.10964469218703338 0.14893835807287942 0.0031276909308273195 0.40650934872680133 0.02444491022476311 0.02444491022476311 0.02444491022476311 0.02444491022476311 


0.025867775231784972 0.3811289723157343 0.4326022812651195 0.02291442445533733 0.02291442445533733 0.02291442445533733 0.02291442445533733 0.02291442445533733 0.02291442445533733 0.02291442445533733 
0.4230972976394538 0.0890311112745403 0.06098394888575071 0.06098394888575071 0.06098394888575071 0.06098394888575071 0.06098394888575071 0.06098394888575071 0.06098394888575071 0.06098394888575071 
0.4703490481490914 0.5007092612738484 0.003617711322132536 0.003617711322132536 0.003617711322132536 0.003617711322132536 0.003617711322132536 0.003617711322132536 0.003617711322132536 0.003617711322132536 
0.48862365206004255 0.1836023879786046 0.04097174499516913 0.04097174499516913 0.04097174499516913 0.04097174499516913 0.04097174499516913 0.04097174499516913 0.04097174499516913 0.04097174499516913 
0.2086019580184045 0.24350143069918687 0.1604897463299804 0.05534383785034687 0.05534383785034687 0.05534383785034687 0.05534383785034687 0.05534383785034687 0.05534383785034687 0.05534383785034687 
0.3612557614930637 0.08752848223777718 0.3966635812790157 0.02207888214144908 0.02207888214144908 0.02207888214144908 0.02207888214144908 0.02207888214144908 0.02207888214144908 0.02207888214144908 
0.14260713926436844 0.24320858153334243 0.033220713797763625 0.48539241391240606 0.01592852524868656 0.01592852524868656 0.01592852524868656 0.01592852524868656 0.01592852524868656 0.01592852524868656 
0.36636721087437335 0.4532614638866023 0.022546415654878044 0.022546415654878044 0.022546415654878044 0.022546415654878044 0.022546415654878044 0.022546415654878044 0.022546415654878044 0.022546415654878044 
0.397872023049147 0.3792957284731057 0.027854031059718416 0.027854031059718416 0.027854031059718416 0.027854031059718416 0.027854031059718416 0.027854031059718416 0.027854031059718416 0.027854031059718416 
0.2381276344801963 0.23635478052039677 0.4723270893402725 0.007598642237019203 0.007598642237019203 0.007598642237019203 0.007598642237019203 0.007598642237019203 0.007598642237019203 0.007598642237019203 


0.07832148990218366 0.1512552121900774 0.33274646146075987 0.0625252623495684 0.0625252623495684 0.0625252623495684 0.0625252623495684 0.0625252623495684 0.0625252623495684 0.0625252623495684 
0.20698667447581515 0.029726419771282653 0.2812326814319949 0.06886488918870105 0.06886488918870105 0.06886488918870105 0.06886488918870105 0.06886488918870105 0.06886488918870105 0.06886488918870105 
0.09322375771855107 0.49160481030280234 0.051896428997330823 0.051896428997330823 0.051896428997330823 0.051896428997330823 0.051896428997330823 0.051896428997330823 0.051896428997330823 0.051896428997330823 
0.4448312832498239 0.32153171004680575 0.029204625837921314 0.029204625837921314 0.029204625837921314 0.029204625837921314 0.029204625837921314 0.029204625837921314 0.029204625837921314 0.029204625837921314 
0.03938557563971815 0.14815101361202324 0.4785769744137018 0.04769806233350811 0.04769806233350811 0.04769806233350811 0.04769806233350811 0.04769806233350811 0.04769806233350811 0.04769806233350811 
0.03877846408915057 0.4096668078156119 0.3827953260279983 0.024108486009605662 0.024108486009605662 0.024108486009605662 0.024108486009605662 0.024108486009605662 0.024108486009605662 0.024108486009605662 
0.036820176369028644 0.005109376895671169 0.12243439824760774 0.4062761136554904 0.07155998913870039 0.07155998913870039 0.07155998913870039 0.07155998913870039 0.07155998913870039 0.07155998913870039 
0.45277719528938726 0.4096558872660602 0.017195864680569037 0.017195864680569037 0.017195864680569037 0.017195864680569037 0.017195864680569037 0.017195864680569037 0.017195864680569037 0.017195864680569037 
0.2931631975967578 0.3298938612874468 0.047117867639474405 0.047117867639474405 0.047117867639474405 0.047117867639474405 0.047117867639474405 0.047117867639474405 0.047117867639474405 0.047117867639474405 
0.4554211238040211 0.005769221977080307 0.1265648462025002 0.05889211543091401 0.05889211543091401 0.05889211543091401 0.05889211543091401 0.05889211543091401 0.05889211543091401 0.05889211543091401 


0.07270596770162177 0.16877120876634263 0.15446233969429987 0.44539926487097875 0.02644353649445947 0.02644353649445947 0.02644353649445947 0.02644353649445947 0.02644353649445947 0.02644353649445947 
0.1517510061707204 0.22991280458059 0.2217428616346847 0.05665618965914357 0.05665618965914357 0.05665618965914357 0.05665618965914357 0.05665618965914357 0.05665618965914357 0.05665618965914357 
0.07219591608646941 0.4757652195417041 0.05650485804647832 0.05650485804647832 0.05650485804647832 0.05650485804647832 0.05650485804647832 0.05650485804647832 0.05650485804647832 0.05650485804647832 
0.2343973091795111 0.29121280205524064 0.059298736095656016 0.059298736095656016 0.059298736095656016 0.059298736095656016 0.059298736095656016 0.059298736095656016 0.059298736095656016 0.059298736095656016 
0.14601401318783272 0.34115431286130987 0.31222047048165086 0.02865874335274385 0.02865874335274385 0.02865874335274385 0.02865874335274385 0.02865874335274385 0.02865874335274385 0.02865874335274385 
0.2900196142716938 0.367341089139843 0.04282991207355791 0.04282991207355791 0.04282991207355791 0.04282991207355791 0.04282991207355791 0.04282991207355791 0.04282991207355791 0.04282991207355791 
0.48051277409927495 0.47063575127854673 0.0061064343277723405 0.0061064343277723405 0.0061064343277723405 0.0061064343277723405 0.0061064343277723405 0.0061064343277723405 0.0061064343277723405 0.0061064343277723405 
0.2648283478577053 0.4344226754555602 0.037593622085841806 0.037593622085841806 0.037593622085841806 0.037593622085841806 0.037593622085841806 0.037593622085841806 0.037593622085841806 0.037593622085841806 
0.0242154226020865 0.23370030498029506 0.3393793055257993 0.05752928098454561 0.05752928098454561 0.05752928098454561 0.05752928098454561 0.05752928098454561 0.05752928098454561 0.05752928098454561 
0.3489010131695232 0.21311764210726727 0.05474766809040117 0.05474766809040117 0.05474766809040117 0.05474766809040117 0.05474766809040117 0.05474766809040117 0.05474766809040117 0.05474766809040117 


0.09891431146621661 0.11260369254707854 0.02761949470719095 0.0013017644961049837 0.29391180395874894 0.09312978656493202 0.09312978656493202 0.09312978656493202 0.09312978656493202 0.09312978656493202 
0.49097673056176605 0.45067746243570456 0.007293225875316123 0.007293225875316123 0.007293225875316123 0.007293225875316123 0.007293225875316123 0.007293225875316123 0.007293225875316123 0.007293225875316123 
0.022256489818806968 0.2489216271697467 0.41562468147899273 0.0447424573617791 0.0447424573617791 0.0447424573617791 0.0447424573617791 0.0447424573617791 0.0447424573617791 0.0447424573617791 
0.004734275966053591 0.031425250539203045 0.22492607553089755 0.41263715516371385 0.054379540466688595 0.054379540466688595 0.054379540466688595 0.054379540466688595 0.054379540466688595 0.054379540466688595 
