Summary for 
Statistics_1.txt++++++++++++++++++++++++++++++++

For dataset A, the majority is :J

Accuracy with majority is : 0.168


For dataset B, the majority is :B

Accuracy with majority is : 0.184


Distribution for A

++++++++++++++++++++


Unigram

0.14346385928656416 0.09175725929900691 0.051991924957524 0.0796716805338273 0.06593283486312786 0.13547390901443987 0.024120263753208422 0.054739245880434176 0.16608882786093115 0.18676019455093626 
Bigram

0.08280897797526442 0.07435212259977048 0.033607645405791337 0.14203683954755927 0.14492605140229634 0.05270479511972291 0.07542494311197517 0.06273843681584453 0.15489332108289075 0.17650686693888493 
0.13891836800166726 0.1658349444042243 0.05518245593461568 0.0645446630708421 0.07481276982903512 0.0764948846507039 0.12037869557026004 0.12326275233289187 0.03463822629394322 0.1459322399118166 
0.05991613493565594 0.12718604841123698 0.05580654036067083 0.07266911492963174 0.17480458746015728 0.041756133162677636 0.10452640686246367 0.09239612636597286 0.06443812385438406 0.20650078365714894 
0.018413318110103116 0.10784570735814153 0.06320096404891785 0.06250623668509579 0.1403966198093497 0.05586234567149781 0.15424784078900633 0.055263779126101184 0.1587063961510596 0.183556792250727 
0.11832145047533389 0.1430175368620285 0.11900471054393044 0.07371766988142152 0.006779828358347168 0.015046130762541422 0.08889329532778908 0.16402742547859214 0.10127799088855073 0.1699139614214651 
0.0817388293404887 0.009712251731407742 0.0696703212971663 0.1482406169929374 0.10960596580830223 0.061822412930037825 0.1654711284678285 0.03286831500673269 0.15061987053241946 0.17025028789267924 
0.1613851073225686 0.011373384650594679 0.16481987880428514 0.16075359491118718 0.09612915567008949 0.016435535721163116 0.11665341670916943 0.07698269151888451 0.022148478869312482 0.17331875582274542 
0.06106662588115332 0.07591896404624304 0.16602661202399588 0.05940292875523051 0.1293554312675511 0.05599015957047987 0.16462025178488357 0.12368307992005423 0.08196797337520423 0.08196797337520423 
0.04921510382038894 0.13479257886295307 0.07375244360959625 0.0737406722331992 0.13727185895618835 0.09056658279747859 0.16219407946888983 0.12896403957958955 0.07475132033585814 0.07475132033585814 
0.0962087590117207 0.02519716309434567 0.07267823241147862 0.04377166550686359 0.16222502514482426 0.11940284531758952 0.15722595813254125 0.07797015823984761 0.15275995211119925 0.09256024102958965 

Trigram
0.1481044929054451 0.1780352405477199 0.03264751075896916 0.04424121063859185 0.047760374509333986 0.15096103573841418 0.08082454347986524 0.0890371882200219 0.03431371661800652 0.19407468658363217 
0.07935383669145654 0.06598296175826188 0.12875831405858343 0.0646528196178274 0.14741836471649847 0.08491777629261446 0.1343793069394976 0.07482957004378532 0.02715157008672571 0.19255547979474924 
0.08786837061096987 0.13524679493444214 0.1624320428630171 0.07434772651922057 0.10662485015907326 0.09393541425929232 0.0842184424953793 0.10417542163540927 0.07557546826159811 0.07557546826159811 
0.05616409812182577 0.14538618591351848 0.15948231601061288 0.05998757648640936 0.007812901503882691 0.1448758811557638 0.0271084037246177 0.15219523973843782 0.15119074357038845 0.09579665377454286 
0.1661018242486843 0.10949975705226751 0.15439299090133812 0.02918140531258188 0.005518740028753875 0.11443825634482473 0.02253138593014953 0.06399004288092616 0.16463458969057831 0.1697110076098956 
0.0482294200056008 0.037540106664763595 0.13303203280002449 0.08866785919006998 0.08658586970563463 0.16439500494404455 0.16731835316054913 0.16529060435455897 0.05447037458737687 0.05447037458737687 
0.041767773995863816 0.09047705008773399 0.04926623004884635 0.15787313025323635 0.07091848421851142 0.0315223657654975 0.11877863208580018 0.09532660496040235 0.16215255622528926 0.1819171723588189 
0.04820987938454529 0.13737439606438634 0.09764062800790299 0.14678647108753137 0.06278135921209559 0.013052853794319409 0.07228789791350805 0.11053855251650668 0.16533465996452182 0.14599330205468244 
0.10489708982018173 0.1207735608733531 0.07486193417884963 0.07567201872329701 0.12918091552825972 0.15220567513077823 0.1130396966088268 0.1399432373894594 0.04471293587349726 0.04471293587349726 
0.1308865742246688 0.13283113171909813 0.05393736527629286 0.1340312620491881 0.13245385063345147 0.040758370268080955 0.011092778934561915 0.08683568429959353 0.15770046934723234 0.1194725132478319 


0.04396608764062028 0.1121990014328937 0.11571491568902137 0.027969760205795308 0.11508268314153833 0.027463113298148538 0.0951258851874552 0.14905856200107098 0.13537603489991304 0.17804395650354324 
0.023006925254047517 0.04837900659046389 0.18907311088708886 0.1318760385161388 0.08238510652869578 0.12496800994190496 0.05316038694343054 0.06585075975442437 0.09175681904308375 0.1895438365407217 
0.07684926921793653 0.04507800571524942 0.05591088536840806 0.19405612121615173 0.06621762891495732 0.12656894202102176 0.06407163465855154 0.07726434530618001 0.0950374077648782 0.19894575981666546 
0.13417494715728162 0.15662614765350305 0.1201182282462589 0.04968336290844092 0.11110593672965648 0.13759717227545443 0.01377191759040865 0.11637181973816031 0.08027523385041785 0.08027523385041785 
0.12855983461027373 0.12302706698095564 0.12135701972082039 0.02663586554317283 0.13028290898583403 0.13215224883728438 0.12268757630515498 0.05082610700313026 0.08223568600668685 0.08223568600668685 
0.022693419114046265 0.16247099281139324 0.14727768289634455 0.13187692112340324 0.1333149294749891 0.11391867698715925 0.0426286193270089 0.019476556159169878 0.08116590282866482 0.14517629927782083 
0.1346889809561092 0.04713305286695787 0.06081696516372559 0.0784744619414026 0.04657720693264683 0.11941410256719727 0.1330517171013186 0.15940233026955852 0.10593723926671338 0.11450394293437018 
0.02847507456302928 0.1045582509276683 0.09949098015762882 0.08469988980225847 0.150527651156377 0.08147250093220217 0.05090769047709096 0.15982660590934253 0.07186203858496197 0.16817931748944057 
0.15067733566877645 0.10588021152833049 0.13165982957527092 0.10873914105095883 0.15533024981271681 0.09441587917113055 0.16171552957078641 0.030527274540676507 0.030527274540676507 0.030527274540676507 
0.07520926779191683 0.14757767847355072 0.06462166145498614 0.16271467252274938 0.13414367929961798 0.12362770263283834 0.1293497613088925 0.054251858838482665 0.054251858838482665 0.054251858838482665 


0.13267054131454697 0.11474222642676138 0.09606087943012533 0.014039460648237627 0.08449874622861038 0.17341518163236877 0.09743700161718322 0.012575225770487634 0.099742249639934 0.17481848729174473 
0.13778412682061175 0.10537903181097742 0.07403408339424751 0.09861972873719867 0.02901548024619576 0.1641745940406697 0.04652943627111188 0.04324778835272367 0.12704019387872795 0.17417553644753567 
0.03221822814012367 0.10546517779004375 0.18927226458409407 0.17585653479840693 0.027668151821718612 0.08154180803735177 0.026463359315506068 0.08512319248430272 0.0867311837991078 0.18966009922934463 
0.01890747759792784 0.0700894687053504 0.10668337928144554 0.12364339074586576 0.024234750125590822 0.09563475699119138 0.1403391396380464 0.14946721587400943 0.08649237446478374 0.1845080465757887 
0.18346702565119719 0.09212171617916005 0.11823338703773545 0.08652602100421115 0.028761101387441146 0.10950010499391809 0.04784584391057385 0.0359736064525661 0.1066695466984114 0.19090164668478557 
0.04487906956181661 0.08074081140259846 0.04061916785623258 0.12843304726494925 0.12294726689456262 0.13798335363194247 0.10013574423366055 0.12652793355534023 0.038067179210920905 0.17966642638797642 
0.09632064881537078 0.10884328598531151 0.07255175987748107 0.10168697831885132 0.09295144729401976 0.1447271722310679 0.15392616393571387 0.08663066937235502 0.07118093708491446 0.07118093708491446 
0.14254066849000815 0.1176882660764158 0.04057612199873061 0.07714999139908993 0.03029769948101884 0.06536122145031538 0.14392382553280736 0.04401701485707722 0.15950744601461042 0.1789377446999262 
0.0890575123871454 0.09977500596025456 0.04859831570742201 0.15523781864877717 0.06977214233803415 0.16206812154388361 0.1100132420064969 0.13393005738310887 0.06577389201243856 0.06577389201243856 
0.12578833506480536 0.01449463487856656 0.024115895550397025 0.160203766712451 0.14159320089889837 0.1051809905371006 0.03406914286634666 0.15165894945492614 0.07473428688153015 0.16816079715497823 


0.10006059202529488 0.13728113882090795 0.14189855545784882 0.15940666388040126 0.04650394151232597 0.08818002429962386 0.014708427896870158 0.09492374965391016 0.0931270643088783 0.12390984214393874 
0.13258071824467488 0.11582331379889747 0.10850463066417493 0.15393986907381788 0.16044825756995332 0.155482992445775 0.1572999859403904 0.005306744087438743 0.005306744087438743 0.005306744087438743 
0.17059658211971737 0.029158702538277754 0.0930008640506993 0.014884682362161153 0.11518901588214925 0.15688785591984244 0.07879228814171818 0.10952165411183813 0.05305163612375724 0.17891671874983914 
0.1578427923095483 0.14864814205373245 0.14196055666267682 0.14590679118943414 0.1578992664722228 0.1411314138302994 0.026652759370521518 0.026652759370521518 0.026652759370521518 0.026652759370521518 
0.14265061999490597 0.1125667128755248 0.047491451458231984 0.10547980289709034 0.11598782739272266 0.1229519146510326 0.07962974681496396 0.049853852831897985 0.07530391862881387 0.14808415245481568 
0.12535585787801645 0.1558191930156901 0.08038713324936753 0.06289358175002523 0.14389485281018397 0.0701800754176705 0.021226160720929078 0.029080598870928127 0.1407904437632472 0.17037210252394194 
0.05557188960662359 0.11979752731522254 0.06093274139246537 0.12550464761959607 0.009433034798286425 0.1316416464190677 0.07924553691868276 0.14307522999957906 0.10173253819997362 0.1730652077305029 
0.14283982766205575 0.06881405785694561 0.13136014215383288 0.09279290806646145 0.0942495971801546 0.03203687064872678 0.05649790584167822 0.1146258856720658 0.098473570889341 0.16830923402873785 
0.08751548110170163 0.11875428400918708 0.06449266537586752 0.12317955167390035 0.1326320558635659 0.08411137032158794 0.05339487039186822 0.08653504006540907 0.058076366990616725 0.19130831420629568 
0.15621131125556806 0.049860621785117666 0.07407387031096435 0.14809174371768163 0.07521806902572613 0.14083699129641628 0.05812218156998742 0.15394521030336125 0.07182000036758861 0.07182000036758861 


0.11570805508912621 0.020445292168306824 0.13237085465185802 0.10133437660755507 0.15889203223722825 0.058036196659642623 0.0359059635089921 0.059733724788220685 0.14918992082923813 0.1683835834598322 
0.1596295200476619 0.07430346247021531 0.037222478498047065 0.08168001040252851 0.05709907677161531 0.06425836252824477 0.1372653657211602 0.06672785975176067 0.12264999639962487 0.19916386740914155 
0.10488378805261521 0.06966777783834076 0.04330572152097238 0.10835428312260861 0.13894386623191518 0.08759547043269943 0.12569272960474986 0.06879563170327734 0.05244987613872504 0.20031085535409615 
0.1510173476827551 0.11238130016680084 0.12226202501132699 0.12173143213320453 0.1471294191609576 0.11567889005678629 0.16549977413942327 0.02143327054958181 0.02143327054958181 0.02143327054958181 
0.13829921850845633 0.1005290718492173 0.15362788464211127 0.020098673501081177 0.08372569058318582 0.0764491030478399 0.14261198135821396 0.025736248392115864 0.08433092842845313 0.17459119968932527 
0.12467000786271062 0.03119817010428548 0.06668994278177418 0.11195814087548098 0.08125519166677446 0.09801210147815 0.17268628902912547 0.02357611774767234 0.11391812788287407 0.17603591057115248 
0.05662354870326263 0.12759931657489232 0.13232388709406245 0.043559143589735054 0.10564241335627272 0.06306760256418155 0.012650902122387685 0.12521679557358034 0.1650778018409214 0.16823858858070392 
0.012700850249991548 0.16729759961725976 0.07517851493543314 0.11892129032539657 0.0420535734272303 0.15704223971109524 0.10406922294950578 0.15998875237875076 0.08137397820266848 0.08137397820266848 
0.09254535407125508 0.11388048522173767 0.13597414939355032 0.1636089706697594 0.12064736551340072 0.1588977827188038 0.14059613056419532 0.024616587282432545 0.024616587282432545 0.024616587282432545 
0.11086637298344396 0.04492119658401128 0.1375899028333247 0.05292308484402101 0.12311668622407727 0.12461074201503294 0.10736988323980788 0.06847121103585242 0.05336702558819528 0.1767638946522333 


0.10657269292361515 0.05847162321661502 0.06144824015496618 0.08116249234911921 0.11692858620552701 0.14521800134194154 0.05196526404386989 0.0754507639383023 0.10000923543473958 0.20277310039130408 
0.15058478989792395 0.11221535993396295 0.05824343768588272 0.07016668222668307 0.07960957909647373 0.12945165856115454 0.019488046388469578 0.10280865303707401 0.09785742459664773 0.17957436857572787 
0.012804930595817221 0.08524419265944982 0.1634458848331761 0.10139797547928309 0.15642061825841544 0.12188759203698037 0.0705737233877291 0.12086512168760821 0.0836799805307703 0.0836799805307703 
0.07409228490883785 0.04966578837976564 0.043098592818019144 0.07028539558504268 0.14144682115269172 0.10733775766200963 0.043469557808915836 0.09634204194202334 0.1726938947176322 0.2015678650250619 
0.009943914900744415 0.15951349530142764 0.13850295056584372 0.1613363946655237 0.1622080597540759 0.1210632423482077 0.005110033752836336 0.029788707989476276 0.0422914329081338 0.17024176781373054 
0.08395104105057324 0.10805231826264483 0.17940549715011586 0.03047703175108214 0.1818624853573991 0.021363568145798033 0.040705393510031565 0.11724981420789916 0.05496681498579989 0.18196603557865618 
0.02728565268031016 0.09327999301806666 0.046684654880260884 0.01512803634691966 0.08601127919760013 0.17798893695725365 0.11649780009652376 0.1645906020969745 0.09189990330460343 0.18063314142148726 
0.16121461006740936 0.12253987811250026 0.08805234834008589 0.020317005687824297 0.16385373351033608 0.06903958349022048 0.12286461465404558 0.06428308632145631 0.13370391340585433 0.05413122641026755 
0.020592342560717784 0.1016673477920995 0.11617619577971336 0.1277215136502908 0.06625846472671888 0.0395883677846233 0.027300463372751528 0.15658079628909718 0.16723688970213346 0.17687761834185417 
0.08916995563890101 0.05395744570806402 0.0958986263248808 0.16235008313636173 0.05076493629200582 0.040461921383231535 0.09343983083619398 0.1752733150313628 0.039597920853548796 0.19908596479544938 


0.10543372278028441 0.15432503169138737 0.05218217542608793 0.11636462413515578 0.03309226264629698 0.15046309922036824 0.15027350578505358 0.11552032386533408 0.061172627225015846 0.061172627225015846 
0.10427592518084042 0.10266628451510103 0.1389800276006904 0.1065983749457048 0.0955877067358251 0.008544876975482521 0.16434200284762016 0.061769591113594736 0.0491474212987803 0.1680877887863606 
0.10522775540114204 0.18844844603373542 0.09773431280447356 0.08532114518417164 0.05080062744886607 0.15822351750406108 0.055023544011742136 0.03853685166782454 0.028990054067918873 0.19169374587606478 
0.14796688906761166 0.04277824054153941 0.09408307329132028 0.1178182736775597 0.13729583805519593 0.08962718424338906 0.01697841046561745 0.10160825091127823 0.09799459982993813 0.15384923991655008 
0.07869957974021319 0.14476825070659882 0.13606751801953595 0.07169566740136588 0.09125793861154559 0.16024569845274902 0.03712049963327927 0.05068023405950724 0.08283651390552632 0.1466280994696788 
0.04433958158432627 0.1111785913415861 0.17155128369840136 0.04546538899826602 0.03940436525470623 0.1498668097076633 0.08175860035704499 0.04287868579653024 0.11469955680367061 0.19885713645780492 
0.12248523335157753 0.05876641954036196 0.04603407426372306 0.06976973057652809 0.11455432292948092 0.12835193167373074 0.06364341175973698 0.13984444109482405 0.16093512888041256 0.09561530592962403 
0.07788725467697286 0.03915399045145677 0.12899130943716097 0.13346025777251258 0.13742977157518171 0.03933578007233159 0.10641722834450461 0.06251925819900728 0.07122011934420272 0.20358503012666898 
0.14536995895666074 0.12566595005063452 0.14192945916037317 0.11751800401579665 0.09786182604229242 0.036058863054008926 0.016630285210828415 0.16431513897882538 0.07732525726528991 0.07732525726528991 
0.15846446436134679 0.15126592498024416 0.13861819073811016 0.08700009270537865 0.1404031364639813 0.08890450833860761 0.05203118632614603 0.08434709801430333 0.049482699035941116 0.049482699035941116 


0.025393662834162258 0.05663589966322672 0.1484059036656967 0.12855184308558262 0.04061537701082044 0.15430361058877096 0.0428693972475921 0.08210009169522883 0.14092114157985824 0.1802030726290612 
0.10141313337545337 0.13705548266792017 0.08401788141463112 0.024938353044595223 0.09211858966483033 0.12572716110278945 0.016400335410456268 0.09329655555074819 0.15693210468052068 0.16810040308805527 
0.18100032141359262 0.08829986345270338 0.08759204037831445 0.1181721401878622 0.04764168110050598 0.065482251505136 0.07219911066588458 0.07532422219313147 0.06390267799667165 0.2003856911061977 
0.022871808511457915 0.06966308931842216 0.07856920673420711 0.16893550361711743 0.08316560070760758 0.05219858801337794 0.11565342063450978 0.1536255693642196 0.08350925790939662 0.17180795518968386 
0.1512836238084138 0.0580921465451209 0.06451243590449397 0.009130836457767235 0.0991227877631089 0.14215917102205336 0.1318514142319902 0.04157254033776064 0.12846197651849592 0.1738130674107949 
0.15779815938126318 0.1462639013546882 0.14030209917706224 0.0781929108668112 0.10461043726161338 0.08439477196010355 0.047332775129562056 0.03197797963554916 0.02972331102631069 0.17940365420703627 
0.1625604173629349 0.08448592893270183 0.04075832824133569 0.10630817508409876 0.03787055671271203 0.13911909031452976 0.019923829390044914 0.08528725250406105 0.14593215571217777 0.17775426574540334 
0.09152655924631375 0.054089713266294054 0.15139635892559633 0.07845888024708622 0.022589490805704448 0.06300635554361143 0.1085045479059732 0.1473310070957245 0.09776078931452838 0.18533629764916773 
0.1322324232961218 0.15795891976816656 0.03769143226073263 0.14476707778554107 0.12010848249013543 0.11669047701491003 0.06670433188101489 0.06562869703303048 0.07910907923517349 0.07910907923517349 
0.07073808365677475 0.15761058400508485 0.050637212780791564 0.07320076072488436 0.0694231300095397 0.01601460560844849 0.11424776895267034 0.14225047371066718 0.13389733927663341 0.17198004127450536 


0.08690584009642743 0.03679613621094699 0.10357525166993231 0.019008222704827573 0.12864589884918343 0.08290877740434816 0.09497002039731828 0.1724758657747352 0.08962820747886047 0.18508577941342022 
0.132072047688605 0.04054635475629381 0.05541891330975679 0.04507569036115233 0.18924526706490669 0.06711186649475141 0.09002342659491952 0.09796997784562286 0.080511144076123 0.20202531180786854 
0.10712312546748747 0.12932519310578106 0.03449200742238281 0.14107368870247405 0.04639363469753442 0.05271154751852135 0.04136880249965762 0.1584799143785649 0.13518351862244557 0.15384856758515095 
0.03362047995504463 0.06370029656053171 0.025936132317241244 0.1581657058215434 0.08673507940521294 0.13230521953860885 0.04737068976870344 0.14388760687091098 0.12612320954529543 0.18215558021690734 
0.11648682694976853 0.09261348453510992 0.09531430426679866 0.11343872676129502 0.0451557225485691 0.06717914596778234 0.1085235575663836 0.10198489907004556 0.08613478307955641 0.17316854925469086 
0.1263395229430788 0.06936311562367607 0.08441191779453981 0.07717224054745532 0.07322691686319839 0.13573999155783822 0.06000294610754592 0.16399833202486722 0.05799953561673869 0.15174548092106166 
0.13388605583505775 0.021390357465270737 0.1826339263373714 0.1419212079571718 0.03237446557252932 0.03577428330044462 0.17564792422916206 0.06096352840102637 0.02845845372999308 0.18694979717197285 
0.061514200888233284 0.0998568842761614 0.14727602205006837 0.0939790340161087 0.08158057836147177 0.013125978267610434 0.11640761823554735 0.1674826728272786 0.04993412809270775 0.16884288298481234 
0.037630250187172136 0.1342340447285456 0.03607179267533624 0.10469968979828666 0.15603214162518073 0.05392531552247823 0.14925895652577165 0.07363847703689269 0.07755874811350075 0.1769505837868354 
0.12704706485632236 0.06820319096453442 0.11866191308051177 0.10186983258665121 0.05623733493829462 0.15628028358889762 0.05679865610735554 0.05581867982669566 0.05162734577723914 0.20745569827349764 


0.08998875012587665 0.18145869009985266 0.03512625341823398 0.12510054375383825 0.10522480419519165 0.07859116589877341 0.04071546577334795 0.0644923985402037 0.08462715581214689 0.19467477238253494 
0.029723392566396306 0.13762235175713636 0.11041571941506576 0.10554018657169864 0.13811191781428814 0.1616448548071794 0.13189653670574966 0.047935161404312455 0.06855493947908668 0.06855493947908668 
0.08613901180368914 0.11583491542235343 0.049089893423515885 0.016765377947320876 0.11931362278554004 0.1344514826950906 0.07618315551723698 0.062099644662472454 0.15878130703731497 0.1813415887054657 
0.028111421055288827 0.1564412637333543 0.022081944973019935 0.04719702620849284 0.13000480193500147 0.03515188501358432 0.18618073085174133 0.15981131866652376 0.04701035772574202 0.18800924983725129 
0.16839454509635354 0.04465112422571442 0.12400851727129433 0.028078703160360104 0.02360239336120329 0.03155860260643468 0.1425972865787219 0.17119930815983672 0.0896350379037958 0.17627448163628517 
0.0735604477760502 0.13094568916441007 0.09073036716640552 0.07264363052248687 0.04204941962556123 0.035778927093755984 0.11630114458973773 0.1635655802042133 0.10306942476012226 0.17135536909725682 
0.16442856544538162 0.09301707167423126 0.10652446766945302 0.09975678895486392 0.15429222323162423 0.12639274941898015 0.12019115316395926 0.045132326813835555 0.045132326813835555 0.045132326813835555 
0.12806201725659752 0.11878086194859298 0.09899607431830258 0.11903592976540041 0.08357040900489829 0.03401664265661553 0.08734847916573345 0.10691951385594407 0.0514241557922232 0.17184591623569206 
0.018683919546859214 0.12480862758061627 0.06649426619434227 0.07826095774785999 0.06952528600001341 0.09873400216221331 0.12133886727785555 0.1048557365161507 0.14881018844742394 0.16848814852666533 
0.05854090989712574 0.10540345280609455 0.07414492055610644 0.13943474307237907 0.1114914165555232 0.07949740699727192 0.10621007164324474 0.12336031681642669 0.02742022703863471 0.17449653461719308 


Distribution for A
++++++++++++++++++++

Unigram
0.14346385928656416 0.09175725929900691 0.051991924957524 0.0796716805338273 0.06593283486312786 0.13547390901443987 0.024120263753208422 0.054739245880434176 0.16608882786093115 0.18676019455093626 
Bigram
0.08280897797526442 0.07435212259977048 0.033607645405791337 0.14203683954755927 0.14492605140229634 0.05270479511972291 0.07542494311197517 0.06273843681584453 0.15489332108289075 0.17650686693888493 
0.13891836800166726 0.1658349444042243 0.05518245593461568 0.0645446630708421 0.07481276982903512 0.0764948846507039 0.12037869557026004 0.12326275233289187 0.03463822629394322 0.1459322399118166 
0.05991613493565594 0.12718604841123698 0.05580654036067083 0.07266911492963174 0.17480458746015728 0.041756133162677636 0.10452640686246367 0.09239612636597286 0.06443812385438406 0.20650078365714894 
0.018413318110103116 0.10784570735814153 0.06320096404891785 0.06250623668509579 0.1403966198093497 0.05586234567149781 0.15424784078900633 0.055263779126101184 0.1587063961510596 0.183556792250727 
0.11832145047533389 0.1430175368620285 0.11900471054393044 0.07371766988142152 0.006779828358347168 0.015046130762541422 0.08889329532778908 0.16402742547859214 0.10127799088855073 0.1699139614214651 
0.0817388293404887 0.009712251731407742 0.0696703212971663 0.1482406169929374 0.10960596580830223 0.061822412930037825 0.1654711284678285 0.03286831500673269 0.15061987053241946 0.17025028789267924 
0.1613851073225686 0.011373384650594679 0.16481987880428514 0.16075359491118718 0.09612915567008949 0.016435535721163116 0.11665341670916943 0.07698269151888451 0.022148478869312482 0.17331875582274542 
0.06106662588115332 0.07591896404624304 0.16602661202399588 0.05940292875523051 0.1293554312675511 0.05599015957047987 0.16462025178488357 0.12368307992005423 0.08196797337520423 0.08196797337520423 
0.04921510382038894 0.13479257886295307 0.07375244360959625 0.0737406722331992 0.13727185895618835 0.09056658279747859 0.16219407946888983 0.12896403957958955 0.07475132033585814 0.07475132033585814 
0.0962087590117207 0.02519716309434567 0.07267823241147862 0.04377166550686359 0.16222502514482426 0.11940284531758952 0.15722595813254125 0.07797015823984761 0.15275995211119925 0.09256024102958965 

Trigram
0.1481044929054451 0.1780352405477199 0.03264751075896916 0.04424121063859185 0.047760374509333986 0.15096103573841418 0.08082454347986524 0.0890371882200219 0.03431371661800652 0.19407468658363217 
0.07935383669145654 0.06598296175826188 0.12875831405858343 0.0646528196178274 0.14741836471649847 0.08491777629261446 0.1343793069394976 0.07482957004378532 0.02715157008672571 0.19255547979474924 
0.08786837061096987 0.13524679493444214 0.1624320428630171 0.07434772651922057 0.10662485015907326 0.09393541425929232 0.0842184424953793 0.10417542163540927 0.07557546826159811 0.07557546826159811 
0.05616409812182577 0.14538618591351848 0.15948231601061288 0.05998757648640936 0.007812901503882691 0.1448758811557638 0.0271084037246177 0.15219523973843782 0.15119074357038845 0.09579665377454286 
0.1661018242486843 0.10949975705226751 0.15439299090133812 0.02918140531258188 0.005518740028753875 0.11443825634482473 0.02253138593014953 0.06399004288092616 0.16463458969057831 0.1697110076098956 
0.0482294200056008 0.037540106664763595 0.13303203280002449 0.08866785919006998 0.08658586970563463 0.16439500494404455 0.16731835316054913 0.16529060435455897 0.05447037458737687 0.05447037458737687 
0.041767773995863816 0.09047705008773399 0.04926623004884635 0.15787313025323635 0.07091848421851142 0.0315223657654975 0.11877863208580018 0.09532660496040235 0.16215255622528926 0.1819171723588189 
0.04820987938454529 0.13737439606438634 0.09764062800790299 0.14678647108753137 0.06278135921209559 0.013052853794319409 0.07228789791350805 0.11053855251650668 0.16533465996452182 0.14599330205468244 
0.10489708982018173 0.1207735608733531 0.07486193417884963 0.07567201872329701 0.12918091552825972 0.15220567513077823 0.1130396966088268 0.1399432373894594 0.04471293587349726 0.04471293587349726 
0.1308865742246688 0.13283113171909813 0.05393736527629286 0.1340312620491881 0.13245385063345147 0.040758370268080955 0.011092778934561915 0.08683568429959353 0.15770046934723234 0.1194725132478319 


0.04396608764062028 0.1121990014328937 0.11571491568902137 0.027969760205795308 0.11508268314153833 0.027463113298148538 0.0951258851874552 0.14905856200107098 0.13537603489991304 0.17804395650354324 
0.023006925254047517 0.04837900659046389 0.18907311088708886 0.1318760385161388 0.08238510652869578 0.12496800994190496 0.05316038694343054 0.06585075975442437 0.09175681904308375 0.1895438365407217 
0.07684926921793653 0.04507800571524942 0.05591088536840806 0.19405612121615173 0.06621762891495732 0.12656894202102176 0.06407163465855154 0.07726434530618001 0.0950374077648782 0.19894575981666546 
0.13417494715728162 0.15662614765350305 0.1201182282462589 0.04968336290844092 0.11110593672965648 0.13759717227545443 0.01377191759040865 0.11637181973816031 0.08027523385041785 0.08027523385041785 
0.12855983461027373 0.12302706698095564 0.12135701972082039 0.02663586554317283 0.13028290898583403 0.13215224883728438 0.12268757630515498 0.05082610700313026 0.08223568600668685 0.08223568600668685 
0.022693419114046265 0.16247099281139324 0.14727768289634455 0.13187692112340324 0.1333149294749891 0.11391867698715925 0.0426286193270089 0.019476556159169878 0.08116590282866482 0.14517629927782083 
0.1346889809561092 0.04713305286695787 0.06081696516372559 0.0784744619414026 0.04657720693264683 0.11941410256719727 0.1330517171013186 0.15940233026955852 0.10593723926671338 0.11450394293437018 
0.02847507456302928 0.1045582509276683 0.09949098015762882 0.08469988980225847 0.150527651156377 0.08147250093220217 0.05090769047709096 0.15982660590934253 0.07186203858496197 0.16817931748944057 
0.15067733566877645 0.10588021152833049 0.13165982957527092 0.10873914105095883 0.15533024981271681 0.09441587917113055 0.16171552957078641 0.030527274540676507 0.030527274540676507 0.030527274540676507 
0.07520926779191683 0.14757767847355072 0.06462166145498614 0.16271467252274938 0.13414367929961798 0.12362770263283834 0.1293497613088925 0.054251858838482665 0.054251858838482665 0.054251858838482665 


0.13267054131454697 0.11474222642676138 0.09606087943012533 0.014039460648237627 0.08449874622861038 0.17341518163236877 0.09743700161718322 0.012575225770487634 0.099742249639934 0.17481848729174473 
0.13778412682061175 0.10537903181097742 0.07403408339424751 0.09861972873719867 0.02901548024619576 0.1641745940406697 0.04652943627111188 0.04324778835272367 0.12704019387872795 0.17417553644753567 
0.03221822814012367 0.10546517779004375 0.18927226458409407 0.17585653479840693 0.027668151821718612 0.08154180803735177 0.026463359315506068 0.08512319248430272 0.0867311837991078 0.18966009922934463 
0.01890747759792784 0.0700894687053504 0.10668337928144554 0.12364339074586576 0.024234750125590822 0.09563475699119138 0.1403391396380464 0.14946721587400943 0.08649237446478374 0.1845080465757887 
0.18346702565119719 0.09212171617916005 0.11823338703773545 0.08652602100421115 0.028761101387441146 0.10950010499391809 0.04784584391057385 0.0359736064525661 0.1066695466984114 0.19090164668478557 
0.04487906956181661 0.08074081140259846 0.04061916785623258 0.12843304726494925 0.12294726689456262 0.13798335363194247 0.10013574423366055 0.12652793355534023 0.038067179210920905 0.17966642638797642 
0.09632064881537078 0.10884328598531151 0.07255175987748107 0.10168697831885132 0.09295144729401976 0.1447271722310679 0.15392616393571387 0.08663066937235502 0.07118093708491446 0.07118093708491446 
0.14254066849000815 0.1176882660764158 0.04057612199873061 0.07714999139908993 0.03029769948101884 0.06536122145031538 0.14392382553280736 0.04401701485707722 0.15950744601461042 0.1789377446999262 
0.0890575123871454 0.09977500596025456 0.04859831570742201 0.15523781864877717 0.06977214233803415 0.16206812154388361 0.1100132420064969 0.13393005738310887 0.06577389201243856 0.06577389201243856 
0.12578833506480536 0.01449463487856656 0.024115895550397025 0.160203766712451 0.14159320089889837 0.1051809905371006 0.03406914286634666 0.15165894945492614 0.07473428688153015 0.16816079715497823 


0.10006059202529488 0.13728113882090795 0.14189855545784882 0.15940666388040126 0.04650394151232597 0.08818002429962386 0.014708427896870158 0.09492374965391016 0.0931270643088783 0.12390984214393874 
0.13258071824467488 0.11582331379889747 0.10850463066417493 0.15393986907381788 0.16044825756995332 0.155482992445775 0.1572999859403904 0.005306744087438743 0.005306744087438743 0.005306744087438743 
0.17059658211971737 0.029158702538277754 0.0930008640506993 0.014884682362161153 0.11518901588214925 0.15688785591984244 0.07879228814171818 0.10952165411183813 0.05305163612375724 0.17891671874983914 
0.1578427923095483 0.14864814205373245 0.14196055666267682 0.14590679118943414 0.1578992664722228 0.1411314138302994 0.026652759370521518 0.026652759370521518 0.026652759370521518 0.026652759370521518 
0.14265061999490597 0.1125667128755248 0.047491451458231984 0.10547980289709034 0.11598782739272266 0.1229519146510326 0.07962974681496396 0.049853852831897985 0.07530391862881387 0.14808415245481568 
0.12535585787801645 0.1558191930156901 0.08038713324936753 0.06289358175002523 0.14389485281018397 0.0701800754176705 0.021226160720929078 0.029080598870928127 0.1407904437632472 0.17037210252394194 
0.05557188960662359 0.11979752731522254 0.06093274139246537 0.12550464761959607 0.009433034798286425 0.1316416464190677 0.07924553691868276 0.14307522999957906 0.10173253819997362 0.1730652077305029 
0.14283982766205575 0.06881405785694561 0.13136014215383288 0.09279290806646145 0.0942495971801546 0.03203687064872678 0.05649790584167822 0.1146258856720658 0.098473570889341 0.16830923402873785 
0.08751548110170163 0.11875428400918708 0.06449266537586752 0.12317955167390035 0.1326320558635659 0.08411137032158794 0.05339487039186822 0.08653504006540907 0.058076366990616725 0.19130831420629568 
0.15621131125556806 0.049860621785117666 0.07407387031096435 0.14809174371768163 0.07521806902572613 0.14083699129641628 0.05812218156998742 0.15394521030336125 0.07182000036758861 0.07182000036758861 


0.11570805508912621 0.020445292168306824 0.13237085465185802 0.10133437660755507 0.15889203223722825 0.058036196659642623 0.0359059635089921 0.059733724788220685 0.14918992082923813 0.1683835834598322 
0.1596295200476619 0.07430346247021531 0.037222478498047065 0.08168001040252851 0.05709907677161531 0.06425836252824477 0.1372653657211602 0.06672785975176067 0.12264999639962487 0.19916386740914155 
0.10488378805261521 0.06966777783834076 0.04330572152097238 0.10835428312260861 0.13894386623191518 0.08759547043269943 0.12569272960474986 0.06879563170327734 0.05244987613872504 0.20031085535409615 
0.1510173476827551 0.11238130016680084 0.12226202501132699 0.12173143213320453 0.1471294191609576 0.11567889005678629 0.16549977413942327 0.02143327054958181 0.02143327054958181 0.02143327054958181 
0.13829921850845633 0.1005290718492173 0.15362788464211127 0.020098673501081177 0.08372569058318582 0.0764491030478399 0.14261198135821396 0.025736248392115864 0.08433092842845313 0.17459119968932527 
0.12467000786271062 0.03119817010428548 0.06668994278177418 0.11195814087548098 0.08125519166677446 0.09801210147815 0.17268628902912547 0.02357611774767234 0.11391812788287407 0.17603591057115248 
0.05662354870326263 0.12759931657489232 0.13232388709406245 0.043559143589735054 0.10564241335627272 0.06306760256418155 0.012650902122387685 0.12521679557358034 0.1650778018409214 0.16823858858070392 
0.012700850249991548 0.16729759961725976 0.07517851493543314 0.11892129032539657 0.0420535734272303 0.15704223971109524 0.10406922294950578 0.15998875237875076 0.08137397820266848 0.08137397820266848 
0.09254535407125508 0.11388048522173767 0.13597414939355032 0.1636089706697594 0.12064736551340072 0.1588977827188038 0.14059613056419532 0.024616587282432545 0.024616587282432545 0.024616587282432545 
0.11086637298344396 0.04492119658401128 0.1375899028333247 0.05292308484402101 0.12311668622407727 0.12461074201503294 0.10736988323980788 0.06847121103585242 0.05336702558819528 0.1767638946522333 


0.10657269292361515 0.05847162321661502 0.06144824015496618 0.08116249234911921 0.11692858620552701 0.14521800134194154 0.05196526404386989 0.0754507639383023 0.10000923543473958 0.20277310039130408 
0.15058478989792395 0.11221535993396295 0.05824343768588272 0.07016668222668307 0.07960957909647373 0.12945165856115454 0.019488046388469578 0.10280865303707401 0.09785742459664773 0.17957436857572787 
0.012804930595817221 0.08524419265944982 0.1634458848331761 0.10139797547928309 0.15642061825841544 0.12188759203698037 0.0705737233877291 0.12086512168760821 0.0836799805307703 0.0836799805307703 
0.07409228490883785 0.04966578837976564 0.043098592818019144 0.07028539558504268 0.14144682115269172 0.10733775766200963 0.043469557808915836 0.09634204194202334 0.1726938947176322 0.2015678650250619 
0.009943914900744415 0.15951349530142764 0.13850295056584372 0.1613363946655237 0.1622080597540759 0.1210632423482077 0.005110033752836336 0.029788707989476276 0.0422914329081338 0.17024176781373054 
0.08395104105057324 0.10805231826264483 0.17940549715011586 0.03047703175108214 0.1818624853573991 0.021363568145798033 0.040705393510031565 0.11724981420789916 0.05496681498579989 0.18196603557865618 
0.02728565268031016 0.09327999301806666 0.046684654880260884 0.01512803634691966 0.08601127919760013 0.17798893695725365 0.11649780009652376 0.1645906020969745 0.09189990330460343 0.18063314142148726 
0.16121461006740936 0.12253987811250026 0.08805234834008589 0.020317005687824297 0.16385373351033608 0.06903958349022048 0.12286461465404558 0.06428308632145631 0.13370391340585433 0.05413122641026755 
0.020592342560717784 0.1016673477920995 0.11617619577971336 0.1277215136502908 0.06625846472671888 0.0395883677846233 0.027300463372751528 0.15658079628909718 0.16723688970213346 0.17687761834185417 
0.08916995563890101 0.05395744570806402 0.0958986263248808 0.16235008313636173 0.05076493629200582 0.040461921383231535 0.09343983083619398 0.1752733150313628 0.039597920853548796 0.19908596479544938 


0.10543372278028441 0.15432503169138737 0.05218217542608793 0.11636462413515578 0.03309226264629698 0.15046309922036824 0.15027350578505358 0.11552032386533408 0.061172627225015846 0.061172627225015846 
0.10427592518084042 0.10266628451510103 0.1389800276006904 0.1065983749457048 0.0955877067358251 0.008544876975482521 0.16434200284762016 0.061769591113594736 0.0491474212987803 0.1680877887863606 
0.10522775540114204 0.18844844603373542 0.09773431280447356 0.08532114518417164 0.05080062744886607 0.15822351750406108 0.055023544011742136 0.03853685166782454 0.028990054067918873 0.19169374587606478 
0.14796688906761166 0.04277824054153941 0.09408307329132028 0.1178182736775597 0.13729583805519593 0.08962718424338906 0.01697841046561745 0.10160825091127823 0.09799459982993813 0.15384923991655008 
0.07869957974021319 0.14476825070659882 0.13606751801953595 0.07169566740136588 0.09125793861154559 0.16024569845274902 0.03712049963327927 0.05068023405950724 0.08283651390552632 0.1466280994696788 
0.04433958158432627 0.1111785913415861 0.17155128369840136 0.04546538899826602 0.03940436525470623 0.1498668097076633 0.08175860035704499 0.04287868579653024 0.11469955680367061 0.19885713645780492 
0.12248523335157753 0.05876641954036196 0.04603407426372306 0.06976973057652809 0.11455432292948092 0.12835193167373074 0.06364341175973698 0.13984444109482405 0.16093512888041256 0.09561530592962403 
0.07788725467697286 0.03915399045145677 0.12899130943716097 0.13346025777251258 0.13742977157518171 0.03933578007233159 0.10641722834450461 0.06251925819900728 0.07122011934420272 0.20358503012666898 
0.14536995895666074 0.12566595005063452 0.14192945916037317 0.11751800401579665 0.09786182604229242 0.036058863054008926 0.016630285210828415 0.16431513897882538 0.07732525726528991 0.07732525726528991 
0.15846446436134679 0.15126592498024416 0.13861819073811016 0.08700009270537865 0.1404031364639813 0.08890450833860761 0.05203118632614603 0.08434709801430333 0.049482699035941116 0.049482699035941116 


0.025393662834162258 0.05663589966322672 0.1484059036656967 0.12855184308558262 0.04061537701082044 0.15430361058877096 0.0428693972475921 0.08210009169522883 0.14092114157985824 0.1802030726290612 
0.10141313337545337 0.13705548266792017 0.08401788141463112 0.024938353044595223 0.09211858966483033 0.12572716110278945 0.016400335410456268 0.09329655555074819 0.15693210468052068 0.16810040308805527 
0.18100032141359262 0.08829986345270338 0.08759204037831445 0.1181721401878622 0.04764168110050598 0.065482251505136 0.07219911066588458 0.07532422219313147 0.06390267799667165 0.2003856911061977 
0.022871808511457915 0.06966308931842216 0.07856920673420711 0.16893550361711743 0.08316560070760758 0.05219858801337794 0.11565342063450978 0.1536255693642196 0.08350925790939662 0.17180795518968386 
0.1512836238084138 0.0580921465451209 0.06451243590449397 0.009130836457767235 0.0991227877631089 0.14215917102205336 0.1318514142319902 0.04157254033776064 0.12846197651849592 0.1738130674107949 
