Summary for 
Statistics_3.txt++++++++++++++++++++++++++++++++

For dataset A, the majority is :A

Accuracy with majority is : 0.139


For dataset B, the majority is :A

Accuracy with majority is : 0.173


Distribution for A

++++++++++++++++++++


Unigram

0.22219836822363562 0.005704195797107435 0.05084157056802397 0.1378180724288222 0.15428603281756864 0.030178784644236768 0.20846472196820268 0.0635027511841341 0.0635027511841341 0.0635027511841341 
Bigram

0.23281534522734806 0.1652675339591376 0.07461750472773761 0.0036187212439800324 0.1688910852853723 0.13351290526728518 0.05531922607228484 0.05531922607228484 0.05531922607228484 0.05531922607228484 
0.11471112562553216 0.03125519597757702 0.1003837041017137 0.12193849748898879 0.15281252821886618 0.13942687218740066 0.1790120843183809 0.05348666402718021 0.05348666402718021 0.05348666402718021 
0.05750710993319641 0.21914326016421276 0.17248627340281408 0.03520479307802346 0.1651360518599791 0.12286646902507953 0.056914010634173645 0.056914010634173645 0.056914010634173645 0.056914010634173645 
0.08018696685769677 0.18481004263098746 0.24790094722833955 0.18238454985812724 0.04419320545677572 0.08370817131648306 0.04420402916289752 0.04420402916289752 0.04420402916289752 0.04420402916289752 
0.05271750361316814 0.048911978883255644 0.02583294713266353 0.07947701492447544 0.11803953465990823 0.1625075499695943 0.02881833141324271 0.2050376432561076 0.019958634965288092 0.2586988611822964 
0.056580649676662854 0.23359550772526463 0.20264285371941473 0.10150766509919867 0.05350399466744966 0.1871752885449774 0.04124851014175797 0.04124851014175797 0.04124851014175797 0.04124851014175797 
0.24760884798463556 0.1173485399707605 0.20142228733258558 0.16270217608361784 0.04455755648482145 0.04527211842871586 0.04527211842871586 0.04527211842871586 0.04527211842871586 0.04527211842871586 
0.14646860243339102 0.09887392667543943 0.02986255326761606 0.13489377085993412 0.19945275341565077 0.16945196064448179 0.055249108175871635 0.055249108175871635 0.055249108175871635 0.055249108175871635 
0.2148987107378116 0.07627834655307686 0.07701421625588017 0.11735072926143228 0.2310821851286684 0.12245813255971408 0.04022941987585423 0.04022941987585423 0.04022941987585423 0.04022941987585423 
0.0030107281346175843 0.21487143168176945 0.16575742336466623 0.23880609866483113 0.10117005679560442 0.24697998397841275 0.007351069345024594 0.007351069345024594 0.007351069345024594 0.007351069345024594 

Trigram
0.0771137173364049 0.11509918804143376 0.2241618062900165 0.1345972166849968 0.04427454500309835 0.10526757519654165 0.04517436771165534 0.2413350405188495 0.006488271608501586 0.006488271608501586 
0.1650771192029727 0.13075809545985945 0.14667464638873418 0.13791871887706328 0.07130219090132009 0.20114083978944483 0.03678209734515144 0.03678209734515144 0.03678209734515144 0.03678209734515144 
0.10681708400278497 0.22519427478409745 0.17955371549912483 0.20256106092367435 0.14821754698977163 0.027531263560109306 0.027531263560109306 0.027531263560109306 0.027531263560109306 0.027531263560109306 
0.217202960721823 0.09564990363178752 0.03173823837910871 0.18686797980836256 0.047182681266174746 0.24222092342486876 0.04478432819196871 0.04478432819196871 0.04478432819196871 0.04478432819196871 
0.08098015133340736 0.1390658795521949 0.013080686784325113 0.018901869405744842 0.21957000915474165 0.21926067351579423 0.13093284871337596 0.05940262718013863 0.05940262718013863 0.05940262718013863 
0.18077968484877513 0.18730876047383657 0.06028698549584341 0.1505624839674499 0.2457559066324161 0.03506123571633577 0.03506123571633577 0.03506123571633577 0.03506123571633577 0.03506123571633577 
0.24181067736128636 0.06923259969933682 0.0388263509206507 0.2166177133509757 0.1122678332849712 0.1904247482944382 0.03270501927208531 0.03270501927208531 0.03270501927208531 0.03270501927208531 
0.1445913100533137 0.11366819461770275 0.15959037556080474 0.04774890861722933 0.07003843579855146 0.22637984766888702 0.05949573192087776 0.05949573192087776 0.05949573192087776 0.05949573192087776 
0.07230204220985392 0.04187990619589094 0.14120154854219308 0.1233188656097676 0.19885873034066226 0.2509379175337189 0.0428752473919783 0.0428752473919783 0.0428752473919783 0.0428752473919783 
0.20646775500448433 0.0725422219606168 0.014741414178156392 0.06371256429144526 0.09986497234673183 0.13089306996591266 0.021160442574676953 0.19835171486851352 0.09613292240473106 0.09613292240473106 


0.06496068166855645 0.08357774560943779 0.11717553380057516 0.08905489646473766 0.18850363006873366 0.20236295877902266 0.20826829501958882 0.015365419529782653 0.015365419529782653 0.015365419529782653 
0.21794449246020142 0.21682927723218487 0.2441572688098847 0.24436636148762905 0.012783766668349983 0.012783766668349983 0.012783766668349983 0.012783766668349983 0.012783766668349983 0.012783766668349983 
0.24321519528423777 0.11337690566321214 0.13427269826767851 0.06620354509186803 0.2263507618332672 0.0433161787719473 0.0433161787719473 0.0433161787719473 0.0433161787719473 0.0433161787719473 
0.07217017732005564 0.02472849911970516 0.06414534236312096 0.16706416438391386 0.03737395872931577 0.060081506892389294 0.10099027019148323 0.08353040556882325 0.12486648335824983 0.26504919207294303 
0.22976968135532358 0.09501495658572223 0.21647096806208185 0.06267514147574049 0.05938094108574967 0.04895679880209374 0.1729388888618764 0.03826420792380408 0.03826420792380408 0.03826420792380408 
0.18975638806682774 0.1437260818415964 0.06337155189677282 0.05231348575881331 0.05678366481758987 0.02500885628990715 0.03383912847784262 0.09569931033633075 0.23418251984720576 0.1053190126671136 
0.18594020421396815 0.20574460038280412 0.21245166946162633 0.23126491776707644 0.027433101362420782 0.027433101362420782 0.027433101362420782 0.027433101362420782 0.027433101362420782 0.027433101362420782 
0.22267227857862482 0.046100777543270265 0.18107558302300203 0.0013853040462974077 0.21891270950603514 0.15816387632174572 0.04292236774525622 0.04292236774525622 0.04292236774525622 0.04292236774525622 
0.1281204657834525 0.15130317074885366 0.1641541124623645 0.2329773501776034 0.20134494458893845 0.024419991247757504 0.024419991247757504 0.024419991247757504 0.024419991247757504 0.024419991247757504 
0.10075825698706874 0.12492159694717515 0.150974490773322 0.13064877630767852 0.20316294494430723 0.2398028662255676 0.012432766953720174 0.012432766953720174 0.012432766953720174 0.012432766953720174 


0.0990045311866371 0.22172923724669216 0.02145088929215494 0.24034335036715426 0.05770970913131068 0.14193873836596 0.054455886102522735 0.054455886102522735 0.054455886102522735 0.054455886102522735 
0.24176784118656328 0.0786574917384048 0.009773100560100006 0.1145054067266463 0.1991489479568779 0.1910684958806305 0.041269678987694215 0.041269678987694215 0.041269678987694215 0.041269678987694215 
0.1460634467990869 0.1370487644095781 0.20012679774513928 0.046726663945279405 0.21393038986381932 0.1682115092518887 0.021973106996302103 0.021973106996302103 0.021973106996302103 0.021973106996302103 
0.23209466701337378 0.2305229478301255 0.18662300958656955 0.2392530748015996 0.018584383461388625 0.018584383461388625 0.018584383461388625 0.018584383461388625 0.018584383461388625 0.018584383461388625 
0.20417629574272092 0.153350401613721 0.14573281354712628 0.022029339898681388 0.10356004289920237 0.2230073445794983 0.037035940429762416 0.037035940429762416 0.037035940429762416 0.037035940429762416 
0.2048851932311467 0.21692569083793098 0.02444903302612551 0.03142500759492407 0.04933178382231647 0.15713148572130883 0.1667503270777454 0.04970049289616734 0.04970049289616734 0.04970049289616734 
0.005960634216227611 0.12889172445885788 0.042332107464717356 0.21260513947635654 0.22903060306385933 0.05357892948825346 0.05407234641598854 0.0018211892409392407 0.22485290189812476 0.046854424276675216 
0.07268491295143323 0.2153533334987284 0.13040575583189085 0.12714851689913567 0.07458131129589576 0.15835326632247038 0.05536822580011144 0.05536822580011144 0.05536822580011144 0.05536822580011144 
0.22354176414017943 0.02088117984655164 0.149982625033953 0.23264150267075537 0.021213979561091452 0.18466439349375377 0.041768638813428786 0.041768638813428786 0.041768638813428786 0.041768638813428786 
0.11684011020370269 0.11210053760923341 0.17452847765038446 0.14925165453382216 0.1849780341846949 0.14029692005445346 0.03050106644092721 0.03050106644092721 0.03050106644092721 0.03050106644092721 


0.14951231089842806 0.15515286527233343 0.2503531218044981 0.2236332517581295 0.036891408377768484 0.036891408377768484 0.036891408377768484 0.036891408377768484 0.036891408377768484 0.036891408377768484 
0.15513143611923044 0.1592097171794662 0.16127663848080226 0.025261231660201194 0.10501427533279001 0.08639180250149878 0.16289437876749918 0.04827350665283734 0.04827350665283734 0.04827350665283734 
0.0338847485610832 0.21026882797734317 0.12146792172685256 0.12190054013798607 0.2336720123284132 0.011175849572739982 0.13220869781889194 0.045140467292230035 0.045140467292230035 0.045140467292230035 
0.16514489556364528 0.10319253628387612 0.14533210181402892 0.17981787432711654 0.24339723828322332 0.03262307074562192 0.03262307074562192 0.03262307074562192 0.03262307074562192 0.03262307074562192 
0.22489619590260312 0.22713457809304555 0.18878309487306405 0.2126186803522439 0.02442790846317394 0.02442790846317394 0.02442790846317394 0.02442790846317394 0.02442790846317394 0.02442790846317394 
0.17662896222849483 0.19497055687324646 0.025416715389356 0.09461195760816105 0.1239691776217764 0.22163626833347136 0.04069159048637345 0.04069159048637345 0.04069159048637345 0.04069159048637345 
0.12414018055216675 0.14921378513324834 0.23255181491824617 0.15467656732401186 0.027428146993337038 0.0782240312491799 0.05844136845745251 0.05844136845745251 0.05844136845745251 0.05844136845745251 
0.22355128338934196 0.15774875043860503 0.21586039734045787 0.21769212073041996 0.030857908016862567 0.030857908016862567 0.030857908016862567 0.030857908016862567 0.030857908016862567 0.030857908016862567 
0.0769884819286741 0.19463758020225846 0.05643740938820181 0.11675962469093222 0.19425828959638955 0.23790975993641206 0.030752213564282965 0.030752213564282965 0.030752213564282965 0.030752213564282965 
0.11412320163169992 0.15784566671562467 0.13838520277890815 0.21583111462960233 0.040466395182321035 0.004271976433652263 0.10048820441701703 0.07619607940372485 0.07619607940372485 0.07619607940372485 


0.011699351439162509 0.09218442956382947 0.04179684873961667 0.1352149135826012 0.1050922513013326 0.07609683319189492 0.18974081332788922 0.17815770291890815 0.08500842796738262 0.08500842796738262 
0.13405022837169073 0.18186012587691897 0.027956895100876754 0.21989092997271376 0.07782133991565596 0.19963343707899986 0.03969676092078606 0.03969676092078606 0.03969676092078606 0.03969676092078606 
0.042672263728393556 0.062233145654758765 0.06241396812356134 0.15976562309746312 0.03806265095941183 0.03058627699245897 0.1860679795876102 0.22481721214771722 0.09669043985431242 0.09669043985431242 
0.13199925344121488 0.18798244772054165 0.010792628320329078 0.001731952777572109 0.15174896600115703 0.22936670762616435 0.21006469596920077 0.025437782714606748 0.025437782714606748 0.025437782714606748 
0.09766147959446125 0.23057467438739662 0.13425909811885098 0.024078802353447178 0.14222637958827733 0.1581802402401847 0.05325483142934546 0.05325483142934546 0.05325483142934546 0.05325483142934546 
0.05876632854656976 0.23585601719029253 0.0598917162105709 0.13543594008694693 0.21040257818210528 0.11255427393006792 0.04677328646336173 0.04677328646336173 0.04677328646336173 0.04677328646336173 
0.021998003190383142 0.12062088331820814 0.1131687075300642 0.23222273597381174 0.0921130133691877 0.18410974220515125 0.05894172860329844 0.05894172860329844 0.05894172860329844 0.05894172860329844 
0.14679974233643295 0.20298918852621162 0.09365948510851071 0.15617941096371504 0.17829387354291107 0.04441565990444373 0.04441565990444373 0.04441565990444373 0.04441565990444373 0.04441565990444373 
0.15931383133925603 0.223389036205926 0.061707474501951694 0.20129408035984733 0.0017529060217840223 0.01773915537617863 0.1405577116561614 0.06474860151296492 0.06474860151296492 0.06474860151296492 
0.17566413769432343 0.22973900584537563 0.022830994393829934 0.11511987895714512 0.1275485860510705 0.12695809827855717 0.050534824694924534 0.050534824694924534 0.050534824694924534 0.050534824694924534 


0.1857488010666059 0.17539513493308778 0.010691392089743328 0.015213092671213107 0.2337386663172053 0.24075112845597968 0.03461544611654123 0.03461544611654123 0.03461544611654123 0.03461544611654123 
0.24877594654152702 0.1642149086005929 0.018742548790000042 0.20751081841597396 0.11730133299886941 0.048690888930607294 0.048690888930607294 0.048690888930607294 0.048690888930607294 0.048690888930607294 
0.19145163471234058 0.10350939376873132 0.08121918706355351 0.02179816032833588 0.08931144835072714 0.2382159223358102 0.1911720926480581 0.027774053597481068 0.027774053597481068 0.027774053597481068 
0.0760358487574289 0.1695114835141431 0.19100532785563076 0.13577714587773634 0.05546160741860125 0.18249206178522892 0.0474291311978077 0.0474291311978077 0.0474291311978077 0.0474291311978077 
0.12062552318005912 0.21753084598898426 0.006290671786483792 0.20400342343344266 0.13652584047148708 0.18280001752505576 0.033055919403621806 0.033055919403621806 0.033055919403621806 0.033055919403621806 
0.13285827569388636 0.05940240970033483 0.03842409673661384 0.2359455523149095 0.2050291713457539 0.14041668657570625 0.04698095190819889 0.04698095190819889 0.04698095190819889 0.04698095190819889 
0.19338719388056858 0.16069410206419488 0.14539898850029517 0.1605894988990899 0.1373689354088875 0.04051225624939276 0.04051225624939276 0.04051225624939276 0.04051225624939276 0.04051225624939276 
0.22620405523167358 0.21920329641325675 0.1208991030569139 0.025026207347873593 0.0026702607046373886 0.041803666149201564 0.14928104260345657 0.0716374561643288 0.0716374561643288 0.0716374561643288 
0.24219358506961064 0.1640016243275622 0.09284742298699286 0.0829204394906157 0.24851188839113456 0.03390500794681676 0.03390500794681676 0.03390500794681676 0.03390500794681676 0.03390500794681676 
0.22015142593985648 0.013710362858457392 0.06114176970557514 0.1343659120060276 0.12900122531661046 0.24340641621612713 0.04955572198933643 0.04955572198933643 0.04955572198933643 0.04955572198933643 


0.05090843647633619 0.16610069104667163 0.01544509270210847 0.11091632716609504 0.14130561580991557 0.23883096204253693 0.10562940978936672 0.05695448832232325 0.05695448832232325 0.05695448832232325 
0.006570154430333402 0.10073017509829629 0.021697287165301254 0.19275228868651584 0.20751467027987397 0.2251024181301388 0.061408251552385114 0.061408251552385114 0.061408251552385114 0.061408251552385114 
0.2649057895454915 0.10003989233702679 0.02165539828018029 0.03137625063642311 0.07120239434417477 0.1395145004815511 0.04520065658519643 0.02873104991644327 0.031312036942438067 0.2660620309310748 
0.05061817550442437 0.16508225353559197 0.18233019024296468 0.21486297795571763 0.17012079295292354 0.04339712196167559 0.04339712196167559 0.04339712196167559 0.04339712196167559 0.04339712196167559 
0.02377438982739059 0.10617568354615613 0.1863673288930625 0.2357481951904425 0.04673172787699702 0.1193153587680366 0.053415071728580024 0.07615741472311158 0.07615741472311158 0.07615741472311158 
0.20073788293416372 0.022099579849350404 0.14328744971938187 0.050458465880261844 0.08455118057802533 0.05963375605291679 0.08131358496131874 0.08744145062184838 0.07940301253901427 0.19107363686371864 
0.18830172320349567 0.09822287120004086 0.20341636778780786 0.10347045687192433 0.2385402958040694 0.03360965702653236 0.03360965702653236 0.03360965702653236 0.03360965702653236 0.03360965702653236 
0.17498485554474835 0.13503541380625936 0.23639212050456912 0.24028944561633045 0.035549694088015435 0.035549694088015435 0.035549694088015435 0.035549694088015435 0.035549694088015435 0.035549694088015435 
0.23442674277859357 0.2136124755701421 0.2360336375008536 0.0515074427702592 0.11302896616048272 0.0302781470439338 0.0302781470439338 0.0302781470439338 0.0302781470439338 0.0302781470439338 
0.08277632626344777 0.19696316341224424 0.051323842071553084 0.23046731358806044 0.16250675587557042 0.10340699145065388 0.04313890183461749 0.04313890183461749 0.04313890183461749 0.04313890183461749 


0.09404362665693364 0.14491383587995382 0.06983291982316822 0.10279483492541175 0.02479040750228608 0.02033942048887207 0.098771990067922 0.15261429817737907 0.03338300419939579 0.25851566227867767 
0.014008120577484906 0.09263509657779725 0.040564665168382086 0.01959633727435342 0.2139866532912344 0.18351325822115336 0.16669590721841043 0.18148098803322635 0.04375948681897894 0.04375948681897894 
0.10842572607581327 0.1932959211225174 0.18928955467694522 0.03520591227421629 0.10870473450061571 0.09528790133214568 0.02504119469934312 0.08158301843946786 0.08158301843946786 0.08158301843946786 
0.10105316372706827 0.19362933112157757 0.2081452939770999 0.08489220115023774 0.11820819293957799 0.06510210318322912 0.05724242847530242 0.05724242847530242 0.05724242847530242 0.05724242847530242 
0.18570004883604532 0.18276367757988862 0.14108551540104977 0.12329575474682858 0.1449443191703471 0.04444213685316813 0.04444213685316813 0.04444213685316813 0.04444213685316813 0.04444213685316813 
0.16064283105617594 0.1940390302983605 0.015899932748627527 0.05374057872720628 0.10866746291359888 0.08073884131056266 0.1806152706902343 0.06855201741841133 0.06855201741841133 0.06855201741841133 
0.03457442225214157 0.11582482553081186 0.10676346765227188 0.15189061193125222 0.011011238985757172 0.0762263248808541 0.11197247659912576 0.16138831601092096 0.1151741580784323 0.1151741580784323 
0.03642612403633133 0.011613344753892696 0.23298652197340664 0.17988411452028233 0.21389082475094523 0.1868638739925978 0.03458379899313603 0.03458379899313603 0.03458379899313603 0.03458379899313603 
0.10398552892419091 0.05421364720303509 0.1993417774511143 0.06441185230643198 0.031035129189160515 0.178234354945274 0.17438602805379946 0.06479722730899792 0.06479722730899792 0.06479722730899792 
0.24818550108912119 0.01173318361676276 0.044013235013609736 0.05159765834320476 0.025188629044148425 0.03322115001148837 0.050219518972694416 0.042194007625422525 0.2480879797998031 0.2455591364837447 


0.037706158707265736 0.16739148630312514 0.04865064678627054 0.20304995260770214 0.031188465896633988 0.19221967299087364 0.0436219268028932 0.05149239042256448 0.11233964974133553 0.11233964974133553 
0.13384496035911383 0.09397543604195747 0.1148078784353785 0.21043796440879387 0.033288462435196384 0.02253828180175756 0.018146139705714482 0.024576510831405208 0.09081496986952341 0.2575693961111595 
0.14521662060018722 0.04653618553809943 0.20272784960344697 0.2370342994270021 0.15066990376324188 0.04356302821360451 0.04356302821360451 0.04356302821360451 0.04356302821360451 0.04356302821360451 
0.064037592406156 0.06425833439921125 0.24781499250868996 0.01877293708618067 0.24820764369771717 0.13814512399410067 0.05469084397698602 0.05469084397698602 0.05469084397698602 0.05469084397698602 
0.1628515709181912 0.16051218005318033 0.19901019846218995 0.20898005642347028 0.24446541939811287 0.004836114948971077 0.004836114948971077 0.004836114948971077 0.004836114948971077 0.004836114948971077 
0.21638358916299769 0.1330061676153199 0.10326745109112836 0.07690575272291164 0.2358699829345341 0.046913411294621656 0.046913411294621656 0.046913411294621656 0.046913411294621656 0.046913411294621656 
0.1191704162509094 0.02873802479779855 0.2144577267119212 0.009073400575877882 0.24567391520365606 0.1278042043333524 0.22809881286349767 0.00899449975432893 0.00899449975432893 0.00899449975432893 
0.11712768917555658 0.001560339026577844 0.018872478145874394 0.1089301473688111 0.18876930512528703 0.2247362902294632 0.19414880651304825 0.04861831480512723 0.04861831480512723 0.04861831480512723 
0.13648511510334277 0.07102464728020688 0.07880870812515614 0.19345344760474217 0.07705094281152503 0.23390186854886744 0.05231881763153983 0.05231881763153983 0.05231881763153983 0.05231881763153983 
0.18897706491755162 0.1700694921677706 0.06002632221579614 0.1048402458949874 0.10519537941029543 0.03480744512524166 0.03291604106271674 0.15712460023658256 0.073021704484529 0.073021704484529 


0.1308312116800561 0.24496361182970783 0.004459156576455786 0.03281851973972979 0.17025281961493208 0.16620237119121403 0.06261807734197616 0.06261807734197616 0.06261807734197616 0.06261807734197616 
0.04788915636852954 0.18548687347472081 0.06652425199505703 0.09415716155971467 0.032987742558775915 0.026642102630446095 0.14455495739986593 0.07330608084726918 0.06425977624459671 0.26419189692102407 
0.17493426698321138 0.17531069377098585 0.03899336536817038 0.17879372499386112 0.1370547882767092 0.1047026926464176 0.047552616990161174 0.047552616990161174 0.047552616990161174 0.047552616990161174 
0.20516734310709803 0.13742468038160688 0.168494554319628 0.1776773228427015 0.23236506822370404 0.015774206225052295 0.015774206225052295 0.015774206225052295 0.015774206225052295 0.015774206225052295 
0.21349544782150412 0.23489142442488645 0.1266560793369068 0.18004489474063015 0.04081869227934538 0.04081869227934538 0.04081869227934538 0.04081869227934538 0.04081869227934538 0.04081869227934538 
0.1369662016676154 0.22149854810291372 0.21975052510688484 0.00263944790068149 0.08875237186989945 0.00889902120446967 0.07017812638677087 0.0012864027234640299 0.12501467751865025 0.12501467751865025 
0.2026568416138697 0.010514271395370655 0.08304827635257507 0.1378502126240025 0.12292215980279166 0.1640797437871794 0.028081384839869782 0.08361570319478046 0.08361570319478046 0.08361570319478046 
0.009976068785070652 0.13336397710751693 0.09603224238500718 0.09470412603041597 0.11124789066111246 0.18296077213404963 0.21107365012311413 0.05354709092457105 0.05354709092457105 0.05354709092457105 
0.11812323943778769 0.11904178426257114 0.09160381879999477 0.1716720302805534 0.16096380129341328 0.031397837102147 0.1921683261375737 0.03834305422865298 0.03834305422865298 0.03834305422865298 
0.11431686539355587 0.18531998563621957 0.2197655741087519 0.14649069515863467 0.06132377912916881 0.14562294175644463 0.03179003970430615 0.03179003970430615 0.03179003970430615 0.03179003970430615 


Distribution for A
++++++++++++++++++++

Unigram
0.22219836822363562 0.005704195797107435 0.05084157056802397 0.1378180724288222 0.15428603281756864 0.030178784644236768 0.20846472196820268 0.0635027511841341 0.0635027511841341 0.0635027511841341 
Bigram
0.23281534522734806 0.1652675339591376 0.07461750472773761 0.0036187212439800324 0.1688910852853723 0.13351290526728518 0.05531922607228484 0.05531922607228484 0.05531922607228484 0.05531922607228484 
0.11471112562553216 0.03125519597757702 0.1003837041017137 0.12193849748898879 0.15281252821886618 0.13942687218740066 0.1790120843183809 0.05348666402718021 0.05348666402718021 0.05348666402718021 
0.05750710993319641 0.21914326016421276 0.17248627340281408 0.03520479307802346 0.1651360518599791 0.12286646902507953 0.056914010634173645 0.056914010634173645 0.056914010634173645 0.056914010634173645 
0.08018696685769677 0.18481004263098746 0.24790094722833955 0.18238454985812724 0.04419320545677572 0.08370817131648306 0.04420402916289752 0.04420402916289752 0.04420402916289752 0.04420402916289752 
0.05271750361316814 0.048911978883255644 0.02583294713266353 0.07947701492447544 0.11803953465990823 0.1625075499695943 0.02881833141324271 0.2050376432561076 0.019958634965288092 0.2586988611822964 
0.056580649676662854 0.23359550772526463 0.20264285371941473 0.10150766509919867 0.05350399466744966 0.1871752885449774 0.04124851014175797 0.04124851014175797 0.04124851014175797 0.04124851014175797 
0.24760884798463556 0.1173485399707605 0.20142228733258558 0.16270217608361784 0.04455755648482145 0.04527211842871586 0.04527211842871586 0.04527211842871586 0.04527211842871586 0.04527211842871586 
0.14646860243339102 0.09887392667543943 0.02986255326761606 0.13489377085993412 0.19945275341565077 0.16945196064448179 0.055249108175871635 0.055249108175871635 0.055249108175871635 0.055249108175871635 
0.2148987107378116 0.07627834655307686 0.07701421625588017 0.11735072926143228 0.2310821851286684 0.12245813255971408 0.04022941987585423 0.04022941987585423 0.04022941987585423 0.04022941987585423 
0.0030107281346175843 0.21487143168176945 0.16575742336466623 0.23880609866483113 0.10117005679560442 0.24697998397841275 0.007351069345024594 0.007351069345024594 0.007351069345024594 0.007351069345024594 

Trigram
0.0771137173364049 0.11509918804143376 0.2241618062900165 0.1345972166849968 0.04427454500309835 0.10526757519654165 0.04517436771165534 0.2413350405188495 0.006488271608501586 0.006488271608501586 
0.1650771192029727 0.13075809545985945 0.14667464638873418 0.13791871887706328 0.07130219090132009 0.20114083978944483 0.03678209734515144 0.03678209734515144 0.03678209734515144 0.03678209734515144 
0.10681708400278497 0.22519427478409745 0.17955371549912483 0.20256106092367435 0.14821754698977163 0.027531263560109306 0.027531263560109306 0.027531263560109306 0.027531263560109306 0.027531263560109306 
0.217202960721823 0.09564990363178752 0.03173823837910871 0.18686797980836256 0.047182681266174746 0.24222092342486876 0.04478432819196871 0.04478432819196871 0.04478432819196871 0.04478432819196871 
0.08098015133340736 0.1390658795521949 0.013080686784325113 0.018901869405744842 0.21957000915474165 0.21926067351579423 0.13093284871337596 0.05940262718013863 0.05940262718013863 0.05940262718013863 
0.18077968484877513 0.18730876047383657 0.06028698549584341 0.1505624839674499 0.2457559066324161 0.03506123571633577 0.03506123571633577 0.03506123571633577 0.03506123571633577 0.03506123571633577 
0.24181067736128636 0.06923259969933682 0.0388263509206507 0.2166177133509757 0.1122678332849712 0.1904247482944382 0.03270501927208531 0.03270501927208531 0.03270501927208531 0.03270501927208531 
0.1445913100533137 0.11366819461770275 0.15959037556080474 0.04774890861722933 0.07003843579855146 0.22637984766888702 0.05949573192087776 0.05949573192087776 0.05949573192087776 0.05949573192087776 
0.07230204220985392 0.04187990619589094 0.14120154854219308 0.1233188656097676 0.19885873034066226 0.2509379175337189 0.0428752473919783 0.0428752473919783 0.0428752473919783 0.0428752473919783 
0.20646775500448433 0.0725422219606168 0.014741414178156392 0.06371256429144526 0.09986497234673183 0.13089306996591266 0.021160442574676953 0.19835171486851352 0.09613292240473106 0.09613292240473106 


0.06496068166855645 0.08357774560943779 0.11717553380057516 0.08905489646473766 0.18850363006873366 0.20236295877902266 0.20826829501958882 0.015365419529782653 0.015365419529782653 0.015365419529782653 
0.21794449246020142 0.21682927723218487 0.2441572688098847 0.24436636148762905 0.012783766668349983 0.012783766668349983 0.012783766668349983 0.012783766668349983 0.012783766668349983 0.012783766668349983 
0.24321519528423777 0.11337690566321214 0.13427269826767851 0.06620354509186803 0.2263507618332672 0.0433161787719473 0.0433161787719473 0.0433161787719473 0.0433161787719473 0.0433161787719473 
0.07217017732005564 0.02472849911970516 0.06414534236312096 0.16706416438391386 0.03737395872931577 0.060081506892389294 0.10099027019148323 0.08353040556882325 0.12486648335824983 0.26504919207294303 
0.22976968135532358 0.09501495658572223 0.21647096806208185 0.06267514147574049 0.05938094108574967 0.04895679880209374 0.1729388888618764 0.03826420792380408 0.03826420792380408 0.03826420792380408 
0.18975638806682774 0.1437260818415964 0.06337155189677282 0.05231348575881331 0.05678366481758987 0.02500885628990715 0.03383912847784262 0.09569931033633075 0.23418251984720576 0.1053190126671136 
0.18594020421396815 0.20574460038280412 0.21245166946162633 0.23126491776707644 0.027433101362420782 0.027433101362420782 0.027433101362420782 0.027433101362420782 0.027433101362420782 0.027433101362420782 
0.22267227857862482 0.046100777543270265 0.18107558302300203 0.0013853040462974077 0.21891270950603514 0.15816387632174572 0.04292236774525622 0.04292236774525622 0.04292236774525622 0.04292236774525622 
0.1281204657834525 0.15130317074885366 0.1641541124623645 0.2329773501776034 0.20134494458893845 0.024419991247757504 0.024419991247757504 0.024419991247757504 0.024419991247757504 0.024419991247757504 
0.10075825698706874 0.12492159694717515 0.150974490773322 0.13064877630767852 0.20316294494430723 0.2398028662255676 0.012432766953720174 0.012432766953720174 0.012432766953720174 0.012432766953720174 


0.0990045311866371 0.22172923724669216 0.02145088929215494 0.24034335036715426 0.05770970913131068 0.14193873836596 0.054455886102522735 0.054455886102522735 0.054455886102522735 0.054455886102522735 
0.24176784118656328 0.0786574917384048 0.009773100560100006 0.1145054067266463 0.1991489479568779 0.1910684958806305 0.041269678987694215 0.041269678987694215 0.041269678987694215 0.041269678987694215 
0.1460634467990869 0.1370487644095781 0.20012679774513928 0.046726663945279405 0.21393038986381932 0.1682115092518887 0.021973106996302103 0.021973106996302103 0.021973106996302103 0.021973106996302103 
0.23209466701337378 0.2305229478301255 0.18662300958656955 0.2392530748015996 0.018584383461388625 0.018584383461388625 0.018584383461388625 0.018584383461388625 0.018584383461388625 0.018584383461388625 
0.20417629574272092 0.153350401613721 0.14573281354712628 0.022029339898681388 0.10356004289920237 0.2230073445794983 0.037035940429762416 0.037035940429762416 0.037035940429762416 0.037035940429762416 
0.2048851932311467 0.21692569083793098 0.02444903302612551 0.03142500759492407 0.04933178382231647 0.15713148572130883 0.1667503270777454 0.04970049289616734 0.04970049289616734 0.04970049289616734 
0.005960634216227611 0.12889172445885788 0.042332107464717356 0.21260513947635654 0.22903060306385933 0.05357892948825346 0.05407234641598854 0.0018211892409392407 0.22485290189812476 0.046854424276675216 
0.07268491295143323 0.2153533334987284 0.13040575583189085 0.12714851689913567 0.07458131129589576 0.15835326632247038 0.05536822580011144 0.05536822580011144 0.05536822580011144 0.05536822580011144 
0.22354176414017943 0.02088117984655164 0.149982625033953 0.23264150267075537 0.021213979561091452 0.18466439349375377 0.041768638813428786 0.041768638813428786 0.041768638813428786 0.041768638813428786 
0.11684011020370269 0.11210053760923341 0.17452847765038446 0.14925165453382216 0.1849780341846949 0.14029692005445346 0.03050106644092721 0.03050106644092721 0.03050106644092721 0.03050106644092721 


0.14951231089842806 0.15515286527233343 0.2503531218044981 0.2236332517581295 0.036891408377768484 0.036891408377768484 0.036891408377768484 0.036891408377768484 0.036891408377768484 0.036891408377768484 
0.15513143611923044 0.1592097171794662 0.16127663848080226 0.025261231660201194 0.10501427533279001 0.08639180250149878 0.16289437876749918 0.04827350665283734 0.04827350665283734 0.04827350665283734 
0.0338847485610832 0.21026882797734317 0.12146792172685256 0.12190054013798607 0.2336720123284132 0.011175849572739982 0.13220869781889194 0.045140467292230035 0.045140467292230035 0.045140467292230035 
0.16514489556364528 0.10319253628387612 0.14533210181402892 0.17981787432711654 0.24339723828322332 0.03262307074562192 0.03262307074562192 0.03262307074562192 0.03262307074562192 0.03262307074562192 
0.22489619590260312 0.22713457809304555 0.18878309487306405 0.2126186803522439 0.02442790846317394 0.02442790846317394 0.02442790846317394 0.02442790846317394 0.02442790846317394 0.02442790846317394 
0.17662896222849483 0.19497055687324646 0.025416715389356 0.09461195760816105 0.1239691776217764 0.22163626833347136 0.04069159048637345 0.04069159048637345 0.04069159048637345 0.04069159048637345 
0.12414018055216675 0.14921378513324834 0.23255181491824617 0.15467656732401186 0.027428146993337038 0.0782240312491799 0.05844136845745251 0.05844136845745251 0.05844136845745251 0.05844136845745251 
0.22355128338934196 0.15774875043860503 0.21586039734045787 0.21769212073041996 0.030857908016862567 0.030857908016862567 0.030857908016862567 0.030857908016862567 0.030857908016862567 0.030857908016862567 
0.0769884819286741 0.19463758020225846 0.05643740938820181 0.11675962469093222 0.19425828959638955 0.23790975993641206 0.030752213564282965 0.030752213564282965 0.030752213564282965 0.030752213564282965 
0.11412320163169992 0.15784566671562467 0.13838520277890815 0.21583111462960233 0.040466395182321035 0.004271976433652263 0.10048820441701703 0.07619607940372485 0.07619607940372485 0.07619607940372485 


0.011699351439162509 0.09218442956382947 0.04179684873961667 0.1352149135826012 0.1050922513013326 0.07609683319189492 0.18974081332788922 0.17815770291890815 0.08500842796738262 0.08500842796738262 
0.13405022837169073 0.18186012587691897 0.027956895100876754 0.21989092997271376 0.07782133991565596 0.19963343707899986 0.03969676092078606 0.03969676092078606 0.03969676092078606 0.03969676092078606 
0.042672263728393556 0.062233145654758765 0.06241396812356134 0.15976562309746312 0.03806265095941183 0.03058627699245897 0.1860679795876102 0.22481721214771722 0.09669043985431242 0.09669043985431242 
0.13199925344121488 0.18798244772054165 0.010792628320329078 0.001731952777572109 0.15174896600115703 0.22936670762616435 0.21006469596920077 0.025437782714606748 0.025437782714606748 0.025437782714606748 
0.09766147959446125 0.23057467438739662 0.13425909811885098 0.024078802353447178 0.14222637958827733 0.1581802402401847 0.05325483142934546 0.05325483142934546 0.05325483142934546 0.05325483142934546 
0.05876632854656976 0.23585601719029253 0.0598917162105709 0.13543594008694693 0.21040257818210528 0.11255427393006792 0.04677328646336173 0.04677328646336173 0.04677328646336173 0.04677328646336173 
0.021998003190383142 0.12062088331820814 0.1131687075300642 0.23222273597381174 0.0921130133691877 0.18410974220515125 0.05894172860329844 0.05894172860329844 0.05894172860329844 0.05894172860329844 
0.14679974233643295 0.20298918852621162 0.09365948510851071 0.15617941096371504 0.17829387354291107 0.04441565990444373 0.04441565990444373 0.04441565990444373 0.04441565990444373 0.04441565990444373 
0.15931383133925603 0.223389036205926 0.061707474501951694 0.20129408035984733 0.0017529060217840223 0.01773915537617863 0.1405577116561614 0.06474860151296492 0.06474860151296492 0.06474860151296492 
0.17566413769432343 0.22973900584537563 0.022830994393829934 0.11511987895714512 0.1275485860510705 0.12695809827855717 0.050534824694924534 0.050534824694924534 0.050534824694924534 0.050534824694924534 


0.1857488010666059 0.17539513493308778 0.010691392089743328 0.015213092671213107 0.2337386663172053 0.24075112845597968 0.03461544611654123 0.03461544611654123 0.03461544611654123 0.03461544611654123 
0.24877594654152702 0.1642149086005929 0.018742548790000042 0.20751081841597396 0.11730133299886941 0.048690888930607294 0.048690888930607294 0.048690888930607294 0.048690888930607294 0.048690888930607294 
0.19145163471234058 0.10350939376873132 0.08121918706355351 0.02179816032833588 0.08931144835072714 0.2382159223358102 0.1911720926480581 0.027774053597481068 0.027774053597481068 0.027774053597481068 
0.0760358487574289 0.1695114835141431 0.19100532785563076 0.13577714587773634 0.05546160741860125 0.18249206178522892 0.0474291311978077 0.0474291311978077 0.0474291311978077 0.0474291311978077 
0.12062552318005912 0.21753084598898426 0.006290671786483792 0.20400342343344266 0.13652584047148708 0.18280001752505576 0.033055919403621806 0.033055919403621806 0.033055919403621806 0.033055919403621806 
0.13285827569388636 0.05940240970033483 0.03842409673661384 0.2359455523149095 0.2050291713457539 0.14041668657570625 0.04698095190819889 0.04698095190819889 0.04698095190819889 0.04698095190819889 
0.19338719388056858 0.16069410206419488 0.14539898850029517 0.1605894988990899 0.1373689354088875 0.04051225624939276 0.04051225624939276 0.04051225624939276 0.04051225624939276 0.04051225624939276 
0.22620405523167358 0.21920329641325675 0.1208991030569139 0.025026207347873593 0.0026702607046373886 0.041803666149201564 0.14928104260345657 0.0716374561643288 0.0716374561643288 0.0716374561643288 
0.24219358506961064 0.1640016243275622 0.09284742298699286 0.0829204394906157 0.24851188839113456 0.03390500794681676 0.03390500794681676 0.03390500794681676 0.03390500794681676 0.03390500794681676 
0.22015142593985648 0.013710362858457392 0.06114176970557514 0.1343659120060276 0.12900122531661046 0.24340641621612713 0.04955572198933643 0.04955572198933643 0.04955572198933643 0.04955572198933643 


0.05090843647633619 0.16610069104667163 0.01544509270210847 0.11091632716609504 0.14130561580991557 0.23883096204253693 0.10562940978936672 0.05695448832232325 0.05695448832232325 0.05695448832232325 
0.006570154430333402 0.10073017509829629 0.021697287165301254 0.19275228868651584 0.20751467027987397 0.2251024181301388 0.061408251552385114 0.061408251552385114 0.061408251552385114 0.061408251552385114 
0.2649057895454915 0.10003989233702679 0.02165539828018029 0.03137625063642311 0.07120239434417477 0.1395145004815511 0.04520065658519643 0.02873104991644327 0.031312036942438067 0.2660620309310748 
0.05061817550442437 0.16508225353559197 0.18233019024296468 0.21486297795571763 0.17012079295292354 0.04339712196167559 0.04339712196167559 0.04339712196167559 0.04339712196167559 0.04339712196167559 
0.02377438982739059 0.10617568354615613 0.1863673288930625 0.2357481951904425 0.04673172787699702 0.1193153587680366 0.053415071728580024 0.07615741472311158 0.07615741472311158 0.07615741472311158 
0.20073788293416372 0.022099579849350404 0.14328744971938187 0.050458465880261844 0.08455118057802533 0.05963375605291679 0.08131358496131874 0.08744145062184838 0.07940301253901427 0.19107363686371864 
0.18830172320349567 0.09822287120004086 0.20341636778780786 0.10347045687192433 0.2385402958040694 0.03360965702653236 0.03360965702653236 0.03360965702653236 0.03360965702653236 0.03360965702653236 
0.17498485554474835 0.13503541380625936 0.23639212050456912 0.24028944561633045 0.035549694088015435 0.035549694088015435 0.035549694088015435 0.035549694088015435 0.035549694088015435 0.035549694088015435 
0.23442674277859357 0.2136124755701421 0.2360336375008536 0.0515074427702592 0.11302896616048272 0.0302781470439338 0.0302781470439338 0.0302781470439338 0.0302781470439338 0.0302781470439338 
0.08277632626344777 0.19696316341224424 0.051323842071553084 0.23046731358806044 0.16250675587557042 0.10340699145065388 0.04313890183461749 0.04313890183461749 0.04313890183461749 0.04313890183461749 


0.09404362665693364 0.14491383587995382 0.06983291982316822 0.10279483492541175 0.02479040750228608 0.02033942048887207 0.098771990067922 0.15261429817737907 0.03338300419939579 0.25851566227867767 
0.014008120577484906 0.09263509657779725 0.040564665168382086 0.01959633727435342 0.2139866532912344 0.18351325822115336 0.16669590721841043 0.18148098803322635 0.04375948681897894 0.04375948681897894 
0.10842572607581327 0.1932959211225174 0.18928955467694522 0.03520591227421629 0.10870473450061571 0.09528790133214568 0.02504119469934312 0.08158301843946786 0.08158301843946786 0.08158301843946786 
0.10105316372706827 0.19362933112157757 0.2081452939770999 0.08489220115023774 0.11820819293957799 0.06510210318322912 0.05724242847530242 0.05724242847530242 0.05724242847530242 0.05724242847530242 
